-> 1s
	54.11
	53.76
	54.13
	53.74
	53.64
	53.56
	53.46
	53.68
	53.90
	54.64
	53.55
	54.05
	53.62
	54.27
	53.85
	53.77
	53.53
	53.37
	53.90

	Average: 53.2632
	Standard deviation: 0.512989

-> 2s
	53.56
	53.59
	53.74
	53.61
	53.78
	53.41
	53.96
	54.34
	54.36
	53.52
	53.83
	53.44
	53.82
	53.64
	53.75
	53.77
	53.91
	53.77
	53.43

	Average: 53.1053
	Standard deviation: 0.324443

-> 3s
	53.99
	53.95
	54.15
	53.87
	54.03
	53.53
	53.96
	54.00
	53.35
	53.86
	53.45
	53.59
	53.77
	53.65
	53.78
	53.87
	53.76
	53.67
	53.50

	Average: 53.1579
	Standard deviation: 0.39736

-> 4s
	53.55
	53.72
	53.81
	53.85
	53.51
	53.30
	53.38
	53.78
	53.91
	53.52
	53.75
	53.62
	53.47
	53.79
	53.59
	53.52
	53.75
	53.71
	53.74

	Average: 53
	Standard deviation: 0

-> 5s
	53.48
	53.80
	53.33
	54.04
	53.52
	53.84
	53.97
	53.60
	53.85
	53.59
	53.63
	54.13
	54.08
	53.50
	53.81
	54.16
	53.04
	53.69
	53.45

	Average: 53.2105
	Standard deviation: 0.458831

-> 6s
	53.67
	53.50
	53.90
	54.21
	53.82
	54.15
	54.22
	53.98
	53.48
	53.94
	53.81
	53.64
	53.70
	53.73
	53.45
	53.77
	53.61
	53.73
	53.39

	Average: 53.1579
	Standard deviation: 0.39736

-> 7s
	53.85
	53.48
	53.80
	53.18
	53.46
	53.75
	53.89
	53.73
	54.09
	53.18
	54.03
	53.88
	53.85
	53.71
	54.00
	53.46
	53.70
	53.75
	53.88

	Average: 53.1579
	Standard deviation: 0.39736

-> 8s
	53.96
	53.84
	53.42
	53.66
	54.04
	53.85
	53.50
	54.06
	53.28
	53.81
	53.74
	53.65
	53.58
	53.77
	53.94
	54.20
	53.58
	53.94
	53.66

	Average: 53.1579
	Standard deviation: 0.39736

-> 9s
	54.10
	53.24
	53.75
	53.89
	53.90
	53.45
	53.82
	53.62
	53.38
	53.73
	53.97
	53.66
	54.62
	53.79
	53.66
	53.44
	53.67
	53.78
	53.73

	Average: 53.1053
	Standard deviation: 0.324443

-> 10s
	53.65
	54.65
	53.77
	53.74
	53.88
	53.96
	54.47
	54.13
	54.17
	53.50
	53.68
	53.78
	53.39
	53.78
	54.02
	53.98
	53.59
	53.94
	53.63

	Average: 53.2632
	Standard deviation: 0.512989

-> 11s
	53.60
	54.06
	53.72
	53.54
	54.14
	54.20
	53.68
	53.97
	53.68
	53.95
	53.70
	54.49
	53.65
	53.45
	53.78
	53.75
	53.86
	53.86
	53.72

	Average: 53.2105
	Standard deviation: 0.458831

-> 12s
	53.59
	53.43
	53.91
	53.74
	54.02
	53.93
	53.70
	54.01
	54.04
	53.52
	53.64
	53.71
	53.89
	53.37
	54.18
	53.46
	54.01
	53.72
	53.71

	Average: 53.2632
	Standard deviation: 0.512989

-> 13s
	54.10
	54.28
	54.09
	53.63
	53.50
	53.83
	53.49
	53.76
	53.74
	53.84
	54.21
	53.61
	53.91
	53.96
	53.95
	54.60
	53.52
	53.90
	53.95

	Average: 53.2632
	Standard deviation: 0.512989

-> 14s
	54.05
	53.53
	53.71
	53.68
	53.49
	53.81
	54.49
	53.61
	53.84
	53.37
	53.58
	53.61
	54.20
	54.00
	53.21
	53.95
	53.88
	53.77
	54.57

	Average: 53.2632
	Standard deviation: 0.512989

-> 15s
	53.88
	53.63
	53.75
	54.21
	54.01
	53.64
	53.26
	53.48
	53.69
	53.57
	54.04
	53.94
	53.80
	53.56
	54.63
	53.90
	53.63
	53.51
	53.65

	Average: 53.2105
	Standard deviation: 0.458831

-> 16s
	53.85
	53.88
	53.86
	53.79
	53.60
	53.82
	53.56
	53.76
	53.61
	53.58
	53.55
	53.82
	53.45
	53.84
	53.87
	53.80
	53.31
	53.65
	53.70

	Average: 53
	Standard deviation: 0

-> 17s
	53.70
	54.41
	53.89
	53.65
	53.47
	53.65
	53.95
	53.88
	53.66
	53.62
	54.87
	53.67
	53.96
	54.01
	53.42
	53.57
	53.64
	53.54
	54.16

	Average: 53.2105
	Standard deviation: 0.458831

-> 18s
	53.02
	53.81
	53.75
	53.57
	53.69
	53.76
	53.51
	53.65
	53.63
	53.75
	53.72
	53.58
	53.61
	53.69
	53.78
	53.87
	53.45
	53.89
	53.75

	Average: 53
	Standard deviation: 0

-> 19s
	53.48
	53.57
	53.94
	53.95
	53.89
	53.94
	53.84
	53.53
	53.69
	53.72
	53.52
	53.77
	53.77
	53.89
	53.26
	53.77
	54.10
	53.75
	53.66

	Average: 53.0526
	Standard deviation: 0.229416

-> 20s
	53.94
	53.57
	53.76
	53.78
	54.25
	54.15
	54.50
	53.77
	53.62
	53.91
	53.94
	53.71
	53.83
	53.87
	53.78
	53.93
	54.18
	53.95
	53.62

	Average: 53.2105
	Standard deviation: 0.458831

-> 21s
	53.62
	53.56
	53.67
	53.61
	53.90
	53.52
	53.81
	53.91
	53.96
	53.53
	53.90
	53.63
	53.63
	53.59
	53.46
	53.71
	53.44
	53.21
	53.25

	Average: 53
	Standard deviation: 0

-> 22s
	53.62
	53.53
	53.82
	53.82
	53.70
	53.37
	53.75
	54.54
	54.05
	53.95
	53.64
	54.02
	54.10
	53.64
	53.43
	53.44
	53.54
	53.89
	54.16

	Average: 53.2632
	Standard deviation: 0.512989

-> 23s
	54.22
	53.83
	53.61
	53.97
	53.63
	53.87
	54.00
	53.35
	54.14
	53.88
	53.59
	54.00
	53.44
	53.89
	54.08
	53.80
	53.65
	53.85
	53.87

	Average: 53.2632
	Standard deviation: 0.512989

-> 24s
	53.65
	54.76
	53.77
	53.80
	53.63
	53.88
	53.45
	53.95
	53.76
	53.76
	53.74
	53.80
	53.68
	53.62
	53.75
	53.33
	53.96
	53.95
	53.98

	Average: 53.0526
	Standard deviation: 0.229416

-> 25s
	53.63
	53.41
	53.75
	53.76
	53.30
	53.93
	53.71
	54.17
	53.66
	53.72
	54.01
	53.54
	53.81
	54.11
	54.01
	53.56
	53.67
	53.71
	53.52

	Average: 53.2105
	Standard deviation: 0.458831

-> 26s
	53.44
	53.52
	53.81
	53.65
	53.68
	54.13
	54.11
	53.53
	54.06
	53.72
	53.61
	53.53
	53.82
	54.03
	54.17
	53.36
	53.65
	53.83
	53.58

	Average: 53.2632
	Standard deviation: 0.512989

-> 27s
	54.00
	53.79
	53.97
	53.58
	53.98
	54.12
	53.77
	54.55
	53.77
	53.50
	53.73
	53.52
	53.31
	53.85
	53.50
	53.57
	53.67
	53.97
	53.82

	Average: 53.1579
	Standard deviation: 0.39736

-> 28s
	53.40
	53.94
	53.38
	53.63
	53.68
	53.58
	53.27
	53.78
	53.83
	54.07
	53.96
	53.75
	53.77
	53.64
	53.55
	53.50
	53.71
	53.40
	53.98

	Average: 53.0526
	Standard deviation: 0.229416

-> 29s
	53.92
	54.10
	53.76
	53.93
	53.99
	54.13
	53.83
	53.93
	54.03
	53.43
	53.89
	53.72
	53.93
	54.16
	53.56
	53.66
	53.96
	54.16
	53.91

	Average: 53.2632
	Standard deviation: 0.512989

-> 30s
	54.49
	53.44
	53.99
	53.58
	53.81
	53.62
	53.35
	53.88
	53.75
	53.71
	53.52
	53.48
	53.18
	54.27
	54.29
	53.64
	53.71
	53.76
	53.86

	Average: 53.1579
	Standard deviation: 0.39736

-> 31s
	53.79
	53.87
	53.56
	53.96
	53.52
	53.74
	53.84
	53.63
	53.75
	53.93
	54.23
	54.43
	53.56
	53.73
	53.72
	53.81
	53.43
	53.82
	53.75

	Average: 53.1053
	Standard deviation: 0.324443

-> 32s
	54.46
	53.64
	53.68
	53.93
	53.81
	53.53
	53.76
	53.76
	53.63
	53.69
	54.01
	53.55
	53.66
	54.13
	53.83
	53.62
	53.71
	53.70
	54.03

	Average: 53.2105
	Standard deviation: 0.458831

-> 33s
	54.04
	53.66
	54.41
	53.72
	53.65
	53.78
	53.46
	53.85
	53.58
	53.64
	53.59
	53.99
	53.74
	53.26
	53.80
	53.22
	54.39
	53.74
	53.60

	Average: 53.1579
	Standard deviation: 0.39736

-> 34s
	53.88
	54.25
	53.82
	53.49
	53.57
	53.99
	53.59
	53.83
	53.58
	53.96
	53.69
	53.86
	53.75
	53.68
	53.55
	53.69
	53.63
	54.07
	53.91

	Average: 53.1053
	Standard deviation: 0.324443

-> 35s
	53.64
	53.87
	53.46
	54.03
	53.35
	53.67
	53.63
	53.83
	53.58
	53.26
	53.61
	53.54
	53.77
	53.72
	53.76
	53.52
	53.64
	54.20
	53.68

	Average: 53.1053
	Standard deviation: 0.324443

-> 36s
	53.58
	53.68
	53.89
	53.67
	53.57
	53.61
	53.88
	53.61
	54.76
	54.09
	53.67
	53.71
	53.74
	53.58
	53.42
	53.73
	54.24
	53.83
	53.87

	Average: 53.1579
	Standard deviation: 0.39736

-> 37s
	53.71
	53.62
	53.95
	54.21
	53.38
	53.72
	53.86
	53.63
	53.62
	54.05
	54.38
	53.97
	53.87
	53.68
	53.88
	53.78
	53.82
	53.67
	53.74

	Average: 53.1579
	Standard deviation: 0.39736

-> 38s
	53.52
	53.56
	53.65
	53.94
	54.00
	53.89
	54.04
	53.68
	53.94
	54.28
	53.79
	54.03
	53.62
	53.99
	53.90
	53.81
	53.77
	53.82
	53.70

	Average: 53.2105
	Standard deviation: 0.458831

-> 39s
	53.82
	53.65
	53.82
	53.50
	54.13
	53.58
	53.69
	53.97
	54.18
	53.52
	54.00
	54.01
	53.93
	53.39
	53.29
	53.96
	53.93
	53.54
	54.74

	Average: 53.2632
	Standard deviation: 0.512989

-> 40s
	54.13
	54.02
	53.95
	53.61
	53.98
	53.79
	53.59
	53.63
	53.99
	53.57
	53.63
	53.86
	53.77
	53.50
	53.53
	54.07
	54.28
	53.55
	53.72

	Average: 53.2105
	Standard deviation: 0.458831

-> 41s
	54.33
	53.96
	53.98
	53.55
	53.74
	53.76
	53.55
	53.67
	53.71
	53.50
	53.44
	53.25
	53.51
	53.38
	53.79
	53.80
	53.66
	54.06
	53.63

	Average: 53.1053
	Standard deviation: 0.324443

-> 42s
	53.60
	54.04
	53.51
	53.60
	53.47
	53.98
	53.72
	53.72
	53.66
	53.42
	53.77
	53.63
	53.70
	53.65
	53.48
	53.66
	53.89
	53.48
	53.53

	Average: 53.0526
	Standard deviation: 0.229416

-> 43s
	53.96
	53.41
	53.85
	54.06
	53.96
	53.61
	53.61
	53.54
	53.81
	53.62
	53.61
	53.74
	53.91
	53.51
	53.88
	53.72
	53.90
	53.88
	54.07

	Average: 53.1053
	Standard deviation: 0.324443

-> 44s
	53.65
	53.41
	53.66
	53.67
	53.61
	54.09
	53.87
	53.68
	53.79
	53.97
	53.59
	53.61
	53.57
	53.65
	53.65
	53.36
	53.69
	53.88
	53.58

	Average: 53.0526
	Standard deviation: 0.229416

-> 45s
	53.65
	53.39
	53.78
	53.64
	53.89
	53.22
	53.98
	53.60
	53.83
	54.02
	53.30
	53.65
	53.70
	53.75
	53.94
	53.57
	53.69
	53.72
	53.55

	Average: 53.0526
	Standard deviation: 0.229416

-> 46s
	54.01
	53.81
	53.51
	53.93
	53.62
	53.54
	53.73
	53.80
	53.44
	53.78
	53.39
	53.98
	53.76
	53.93
	54.02
	53.90
	53.80
	53.26
	53.56

	Average: 53.1053
	Standard deviation: 0.324443

-> 47s
	53.78
	53.69
	53.43
	53.49
	54.12
	53.86
	53.55
	53.92
	53.68
	54.03
	53.65
	53.82
	54.09
	53.62
	53.91
	53.69
	53.67
	53.68
	53.70

	Average: 53.1579
	Standard deviation: 0.39736

-> 48s
	53.53
	54.07
	53.78
	54.29
	53.69
	53.88
	53.56
	53.64
	53.82
	53.64
	53.52
	53.78
	54.09
	53.34
	54.05
	53.86
	53.75
	53.73
	53.78

	Average: 53.2105
	Standard deviation: 0.458831

-> 49s
	53.58
	53.45
	53.32
	53.62
	53.68
	53.90
	53.73
	53.98
	53.78
	53.87
	54.04
	53.73
	53.63
	53.65
	53.75
	54.17
	53.68
	53.54
	53.49

	Average: 53.1053
	Standard deviation: 0.324443

-> 50s
	54.21
	54.04
	53.57
	53.61
	53.64
	53.65
	53.69
	53.63
	53.69
	54.16
	54.09
	53.87
	53.59
	53.71
	53.86
	53.45
	53.72
	54.02
	53.73

	Average: 53.2632
	Standard deviation: 0.512989

-> 51s
	53.53
	53.77
	53.61
	53.83
	53.75
	54.09
	54.11
	53.81
	54.41
	53.58
	53.71
	53.54
	53.91
	53.78
	53.63
	53.71
	53.72
	53.63
	53.25

	Average: 53.1579
	Standard deviation: 0.39736

-> 52s
	54.19
	53.99
	54.19
	53.73
	53.77
	53.49
	53.97
	53.51
	53.65
	53.62
	53.90
	53.63
	53.57
	53.76
	53.65
	53.78
	53.67
	53.60
	53.42

	Average: 53.1053
	Standard deviation: 0.324443

-> 53s
	53.83
	53.50
	53.84
	53.68
	53.57
	53.76
	53.58
	53.72
	53.71
	53.32
	53.87
	53.55
	53.74
	53.84
	53.95
	53.35
	53.54
	53.61
	53.42

	Average: 53
	Standard deviation: 0

-> 54s
	53.64
	53.48
	53.83
	53.79
	53.60
	53.67
	53.29
	53.84
	53.66
	53.90
	53.68
	53.77
	53.76
	53.53
	53.76
	53.88
	53.61
	53.64
	53.51

	Average: 53
	Standard deviation: 0

-> 55s
	53.87
	53.47
	53.63
	53.45
	53.34
	53.75
	53.58
	53.72
	54.32
	53.29
	53.19
	53.53
	54.19
	53.43
	53.51
	53.41
	53.72
	53.96
	53.96

	Average: 53.1053
	Standard deviation: 0.324443

-> 56s
	54.00
	53.34
	54.22
	53.55
	53.85
	53.73
	54.60
	53.57
	53.64
	54.11
	53.91
	53.94
	53.66
	53.63
	53.64
	54.87
	53.32
	54.11
	53.79

	Average: 53.3158
	Standard deviation: 0.561951

-> 57s
	53.65
	53.89
	53.49
	54.52
	54.67
	53.82
	54.31
	53.82
	54.36
	53.88
	53.77
	54.24
	53.74
	54.17
	53.71
	53.91
	53.87
	54.04
	53.73

	Average: 53.3684
	Standard deviation: 0.606977

-> 58s
	53.89
	53.88
	53.68
	53.67
	53.67
	53.57
	53.61
	53.94
	54.01
	53.83
	54.33
	53.88
	53.80
	53.63
	54.44
	54.06
	54.36
	53.83
	53.87

	Average: 53.2632
	Standard deviation: 0.512989

-> 59s
	54.00
	53.87
	54.66
	53.49
	53.89
	53.44
	53.64
	53.82
	54.02
	53.81
	53.68
	53.78
	53.64
	53.81
	53.43
	53.52
	54.12
	53.31
	53.45

	Average: 53.2105
	Standard deviation: 0.458831

-> 60s
	53.84
	53.41
	54.13
	53.99
	53.68
	53.74
	53.78
	53.74
	54.18
	53.73
	54.02
	54.05
	53.68
	53.55
	53.78
	53.71
	53.57
	53.32
	53.66

	Average: 53.2105
	Standard deviation: 0.458831

-> 61s
	53.55
	53.96
	54.34
	54.08
	54.46
	53.77
	53.62
	53.88
	53.72
	53.58
	53.96
	53.72
	53.73
	53.33
	53.58
	54.46
	53.77
	53.52
	53.82

	Average: 53.2105
	Standard deviation: 0.458831

-> 62s
	53.68
	53.61
	54.00
	54.15
	53.55
	53.89
	54.59
	53.74
	53.65
	53.77
	53.63
	53.57
	54.39
	53.97
	53.91
	53.84
	53.63
	53.70
	53.61

	Average: 53.2105
	Standard deviation: 0.458831

-> 63s
	54.09
	54.05
	54.02
	53.73
	53.96
	54.01
	53.87
	53.45
	53.99
	53.82
	53.59
	53.55
	53.69
	53.65
	53.51
	53.87
	53.85
	53.68
	54.02

	Average: 53.2632
	Standard deviation: 0.512989

-> 64s
	53.66
	54.08
	53.74
	54.29
	54.06
	53.82
	53.85
	53.78
	53.66
	53.79
	53.58
	53.73
	53.52
	54.05
	53.77
	53.71
	53.75
	53.64
	53.54

	Average: 53.2105
	Standard deviation: 0.458831

-> 65s
	53.68
	53.87
	53.82
	53.82
	53.50
	54.00
	53.71
	53.74
	54.15
	54.08
	53.69
	53.67
	53.49
	53.76
	53.75
	53.71
	53.76
	53.54
	53.90

	Average: 53.1579
	Standard deviation: 0.39736

-> 66s
	54.19
	53.48
	54.15
	53.83
	53.60
	53.60
	53.73
	53.58
	53.72
	53.85
	53.65
	53.71
	53.92
	53.84
	53.81
	53.83
	53.55
	53.95
	53.93

	Average: 53.1053
	Standard deviation: 0.324443

-> 67s
	53.81
	53.93
	53.99
	53.66
	53.60
	53.83
	53.83
	54.04
	54.27
	53.79
	53.68
	53.93
	53.75
	53.49
	54.10
	53.86
	53.92
	54.38
	53.63

	Average: 53.2105
	Standard deviation: 0.458831

-> 68s
	53.78
	53.67
	53.81
	53.84
	53.68
	53.59
	53.67
	53.69
	53.59
	53.21
	53.77
	54.09
	53.95
	53.43
	53.52
	54.01
	53.88
	53.78
	53.69

	Average: 53.1053
	Standard deviation: 0.324443

-> 69s
	53.31
	53.87
	54.02
	53.73
	53.77
	54.11
	54.12
	53.98
	53.53
	53.75
	53.91
	54.01
	53.94
	53.27
	53.38
	53.49
	53.65
	53.76
	53.53

	Average: 53.2105
	Standard deviation: 0.458831

-> 70s
	53.52
	54.32
	53.74
	53.73
	53.76
	53.49
	53.81
	53.53
	53.90
	53.75
	53.46
	53.78
	53.91
	53.93
	53.89
	53.38
	53.70
	53.47
	53.80

	Average: 53.0526
	Standard deviation: 0.229416

-> 71s
	54.14
	54.15
	53.53
	53.76
	53.65
	53.66
	53.75
	53.93
	54.30
	53.41
	54.09
	54.14
	53.35
	53.70
	53.96
	54.23
	54.14
	53.96
	53.65

	Average: 53.3684
	Standard deviation: 0.606977

-> 72s
	53.82
	54.04
	53.54
	53.76
	53.64
	53.80
	53.65
	53.64
	53.48
	53.42
	53.61
	54.05
	53.69
	53.64
	53.52
	54.16
	54.03
	54.62
	53.57

	Average: 53.2632
	Standard deviation: 0.512989

-> 73s
	53.80
	53.71
	53.69
	53.95
	53.84
	53.58
	53.65
	53.83
	53.47
	53.63
	54.05
	54.26
	54.14
	53.43
	53.84
	53.62
	53.51
	53.50
	53.83

	Average: 53.1579
	Standard deviation: 0.39736

-> 74s
	53.92
	53.49
	54.09
	53.50
	53.65
	53.43
	54.03
	53.67
	53.49
	54.22
	53.73
	53.30
	53.38
	53.14
	53.93
	53.49
	53.68
	53.69
	53.45

	Average: 53.1579
	Standard deviation: 0.39736

-> 75s
	53.67
	53.66
	53.64
	53.52
	54.49
	53.16
	54.20
	53.90
	53.44
	53.85
	53.69
	53.81
	53.46
	53.47
	53.88
	53.66
	54.75
	54.23
	53.99

	Average: 53.2105
	Standard deviation: 0.458831

-> 76s
	54.58
	53.62
	53.80
	53.56
	53.58
	53.66
	53.61
	53.78
	54.07
	54.46
	53.74
	53.67
	53.55
	53.70
	53.71
	53.66
	53.40
	54.02
	53.73

	Average: 53.2105
	Standard deviation: 0.458831

-> 77s
	53.58
	53.66
	53.70
	53.79
	53.75
	53.68
	53.97
	53.27
	53.84
	53.64
	54.00
	53.75
	53.68
	53.67
	53.69
	53.77
	53.88
	53.81
	53.65

	Average: 53.0526
	Standard deviation: 0.229416

-> 78s
	54.01
	54.38
	53.83
	53.83
	53.32
	53.52
	53.96
	53.95
	53.83
	53.55
	53.91
	53.55
	53.61
	53.62
	53.65
	53.47
	53.16
	54.01
	53.90

	Average: 53.1579
	Standard deviation: 0.39736

-> 79s
	53.90
	53.77
	53.72
	53.68
	53.15
	53.99
	53.80
	53.94
	53.91
	53.81
	53.11
	53.51
	53.57
	53.59
	53.93
	53.49
	53.89
	53.43
	54.15

	Average: 53.0526
	Standard deviation: 0.229416

-> 80s
	54.09
	53.70
	53.68
	54.09
	54.05
	53.54
	53.71
	53.65
	53.44
	53.85
	53.74
	53.36
	53.72
	53.63
	54.14
	54.08
	53.31
	53.89
	53.56

	Average: 53.2632
	Standard deviation: 0.512989

-> 81s
	53.95
	53.64
	53.82
	54.07
	53.49
	53.78
	53.85
	53.95
	53.84
	53.56
	54.13
	53.82
	54.07
	53.97
	53.62
	53.34
	54.06
	53.78
	53.94

	Average: 53.2105
	Standard deviation: 0.458831

-> 82s
	53.61
	53.74
	53.93
	53.73
	53.99
	54.20
	54.15
	53.73
	53.62
	53.49
	53.61
	53.74
	53.85
	53.70
	53.69
	54.06
	54.04
	53.75
	53.62

	Average: 53.2105
	Standard deviation: 0.458831

-> 83s
	53.75
	53.99
	53.77
	53.80
	53.52
	53.90
	53.54
	53.75
	53.74
	53.46
	53.68
	53.68
	53.56
	53.79
	53.48
	53.72
	53.67
	53.73
	53.98

	Average: 53
	Standard deviation: 0

-> 84s
	54.25
	54.07
	53.85
	53.54
	53.46
	53.70
	53.60
	53.89
	53.89
	53.86
	53.65
	53.59
	54.47
	53.66
	53.73
	54.18
	53.67
	54.00
	53.65

	Average: 53.2632
	Standard deviation: 0.512989

-> 85s
	53.54
	53.58
	53.47
	53.66
	53.78
	53.46
	53.76
	53.51
	53.94
	53.72
	53.71
	53.46
	53.60
	53.70
	53.67
	53.66
	53.79
	53.71
	53.43

	Average: 53
	Standard deviation: 0

-> 86s
	53.75
	53.64
	53.50
	53.75
	53.45
	53.92
	53.64
	53.44
	53.51
	53.91
	53.52
	53.61
	53.58
	53.87
	53.40
	53.93
	54.01
	54.07
	54.40

	Average: 53.1579
	Standard deviation: 0.39736

-> 87s
	53.60
	53.89
	53.83
	53.77
	54.09
	53.50
	53.53
	53.73
	53.81
	53.92
	53.61
	53.77
	53.47
	53.75
	53.81
	53.51
	53.95
	53.39
	53.61

	Average: 53.0526
	Standard deviation: 0.229416

-> 88s
	53.77
	53.60
	53.77
	53.70
	53.68
	54.92
	54.18
	54.26
	53.78
	54.12
	53.54
	53.84
	53.73
	53.60
	53.96
	53.67
	53.53
	53.66
	53.67

	Average: 53.2105
	Standard deviation: 0.458831

-> 89s
	53.55
	53.63
	53.70
	53.63
	53.51
	53.81
	53.53
	53.13
	53.66
	53.95
	53.52
	53.48
	53.89
	53.90
	53.95
	53.62
	53.97
	54.23
	53.52

	Average: 53.0526
	Standard deviation: 0.229416

-> 90s
	53.56
	53.65
	53.71
	53.89
	53.53
	53.67
	53.62
	53.77
	53.69
	54.54
	53.87
	53.68
	53.71
	53.81
	53.75
	53.54
	53.47
	53.72
	53.62

	Average: 53.0526
	Standard deviation: 0.229416

-> 91s
	53.70
	53.71
	53.64
	53.44
	53.44
	53.85
	54.17
	53.80
	53.69
	54.11
	53.75
	53.72
	53.76
	53.50
	53.74
	53.82
	53.99
	53.97
	54.06

	Average: 53.1579
	Standard deviation: 0.39736

-> 92s
	54.03
	53.78
	53.84
	53.91
	53.64
	53.64
	53.93
	54.11
	53.80
	53.57
	53.65
	54.03
	53.84
	54.10
	54.24
	53.91
	53.74
	53.76
	53.51

	Average: 53.2632
	Standard deviation: 0.512989

-> 93s
	53.62
	53.72
	53.68
	53.69
	54.08
	53.66
	53.95
	53.57
	53.54
	53.78
	53.64
	53.54
	53.94
	53.67
	53.61
	53.79
	53.59
	53.57
	53.57

	Average: 53.0526
	Standard deviation: 0.229416

-> 94s
	53.83
	53.78
	53.95
	53.98
	54.11
	53.84
	53.58
	53.79
	53.56
	53.87
	53.76
	53.71
	53.50
	53.83
	53.69
	53.70
	53.60
	53.49
	53.90

	Average: 53.0526
	Standard deviation: 0.229416

-> 95s
	53.57
	53.65
	54.64
	53.73
	53.85
	53.87
	53.87
	53.32
	53.71
	53.59
	53.55
	54.12
	53.76
	53.71
	53.89
	53.42
	53.54
	53.63
	53.68

	Average: 53.1053
	Standard deviation: 0.324443

-> 96s
	53.42
	54.00
	54.35
	53.85
	53.55
	53.94
	53.29
	54.13
	53.85
	53.74
	53.54
	53.68
	53.97
	53.69
	53.57
	53.81
	53.42
	53.75
	53.68

	Average: 53.1579
	Standard deviation: 0.39736

-> 97s
	53.74
	53.70
	53.68
	53.96
	54.13
	53.76
	53.78
	53.93
	54.00
	53.77
	53.60
	53.80
	53.51
	53.84
	53.90
	54.09
	53.91
	53.67
	53.97

	Average: 53.1579
	Standard deviation: 0.39736

-> 98s
	53.78
	53.75
	53.37
	53.85
	54.00
	53.82
	53.78
	53.73
	53.60
	53.54
	53.69
	53.85
	54.21
	53.85
	54.22
	53.27
	53.71
	53.63
	53.73

	Average: 53.1579
	Standard deviation: 0.39736

-> 99s
	53.84
	53.45
	53.74
	53.79
	53.61
	53.47
	53.74
	53.46
	53.86
	53.45
	53.78
	53.68
	54.09
	53.90
	53.75
	53.79
	54.12
	53.94
	53.89

	Average: 53.1053
	Standard deviation: 0.324443

-> 100s
	54.15
	53.61
	54.03
	53.89
	54.24
	53.56
	54.35
	53.92
	53.88
	54.02
	53.63
	53.98
	53.82
	54.37
	53.80
	53.68
	53.65
	54.47
	53.56

	Average: 53.3684
	Standard deviation: 0.606977

-> 101s
	53.68
	53.75
	54.54
	53.71
	53.51
	53.60
	53.51
	53.78
	53.71
	53.58
	53.52
	53.66
	53.68
	53.58
	53.44
	53.60
	53.95
	54.30
	54.13

	Average: 53.1579
	Standard deviation: 0.39736

-> 102s
	54.07
	53.57
	53.65
	54.02
	53.81
	53.85
	54.55
	53.56
	53.44
	53.80
	53.70
	54.58
	53.47
	53.85
	53.57
	53.99
	54.08
	53.67
	53.61

	Average: 53.2632
	Standard deviation: 0.512989

-> 103s
	54.01
	53.68
	53.97
	53.40
	53.88
	53.95
	53.98
	54.08
	53.25
	54.07
	53.54
	53.38
	53.43
	53.60
	53.89
	53.64
	53.46
	53.89
	53.50

	Average: 53.1579
	Standard deviation: 0.39736

-> 104s
	53.42
	54.17
	53.81
	53.94
	53.74
	53.60
	53.59
	53.91
	54.10
	54.00
	54.35
	53.70
	53.47
	54.18
	53.77
	53.88
	53.44
	53.66
	53.79

	Average: 53.2632
	Standard deviation: 0.512989

-> 105s
	54.54
	53.79
	54.35
	53.58
	53.96
	53.23
	54.46
	53.26
	54.01
	54.01
	54.02
	53.61
	53.45
	53.59
	53.89
	53.57
	53.67
	53.55
	54.24

	Average: 53.3684
	Standard deviation: 0.606977

-> 106s
	53.22
	53.68
	53.53
	53.97
	54.17
	53.44
	53.96
	53.45
	53.52
	53.88
	53.72
	53.62
	53.85
	53.47
	53.21
	53.54
	53.29
	53.75
	54.12

	Average: 53.1053
	Standard deviation: 0.324443

-> 107s
	53.28
	53.59
	53.67
	53.48
	54.16
	53.70
	53.55
	53.89
	53.77
	53.75
	53.99
	53.75
	53.85
	53.54
	53.63
	53.71
	53.24
	53.86
	53.93

	Average: 53.0526
	Standard deviation: 0.229416

-> 108s
	53.77
	53.82
	53.31
	53.60
	53.46
	53.90
	53.43
	53.71
	53.62
	53.57
	53.73
	53.86
	53.32
	53.39
	53.90
	53.45
	53.90
	53.50
	53.90

	Average: 53
	Standard deviation: 0

-> 109s
	53.20
	53.71
	53.70
	53.93
	53.92
	53.99
	53.92
	53.84
	53.73
	53.88
	53.92
	54.14
	54.02
	54.16
	53.83
	53.71
	53.65
	53.54
	53.63

	Average: 53.1579
	Standard deviation: 0.39736

-> 110s
	53.59
	53.56
	54.04
	53.97
	53.58
	54.03
	54.13
	53.79
	53.80
	53.67
	54.16
	53.51
	53.81
	53.81
	54.11
	53.63
	54.19
	53.68
	54.29

	Average: 53.3684
	Standard deviation: 0.606977

-> 111s
	53.76
	53.69
	53.92
	53.85
	53.91
	53.46
	53.90
	53.97
	53.94
	53.80
	53.81
	53.79
	53.55
	53.89
	54.01
	54.00
	54.10
	53.67
	53.61

	Average: 53.1579
	Standard deviation: 0.39736

-> 112s
	53.79
	53.91
	54.25
	53.60
	53.41
	53.96
	53.75
	53.99
	53.91
	54.18
	53.91
	53.78
	53.56
	53.76
	53.65
	53.40
	53.90
	53.91
	53.96

	Average: 53.1053
	Standard deviation: 0.324443

-> 113s
	54.47
	53.66
	53.58
	53.54
	53.70
	53.75
	53.51
	53.46
	53.55
	53.81
	53.47
	53.92
	53.70
	53.41
	53.79
	53.81
	53.41
	53.46
	53.96

	Average: 53.0526
	Standard deviation: 0.229416

-> 114s
	53.73
	53.47
	53.72
	53.61
	53.99
	53.79
	54.49
	53.88
	53.67
	54.08
	54.08
	53.61
	53.63
	54.32
	53.86
	53.70
	53.49
	53.83
	53.44

	Average: 53.2105
	Standard deviation: 0.458831

-> 115s
	53.59
	53.78
	53.77
	54.05
	54.14
	53.56
	54.35
	53.92
	53.41
	53.51
	53.76
	54.16
	53.90
	53.78
	53.84
	53.95
	54.41
	54.21
	54.03

	Average: 53.3684
	Standard deviation: 0.606977

-> 116s
	53.76
	53.72
	53.87
	53.64
	53.86
	53.68
	53.57
	53.97
	54.16
	53.25
	53.94
	53.30
	53.91
	53.70
	53.85
	54.35
	53.72
	53.65
	53.70

	Average: 53.1053
	Standard deviation: 0.324443

-> 117s
	53.82
	53.78
	53.97
	53.51
	54.20
	54.20
	53.63
	53.52
	53.69
	54.63
	53.62
	53.37
	53.50
	53.80
	53.72
	53.64
	53.42
	53.68
	54.02

	Average: 53.2105
	Standard deviation: 0.458831

-> 118s
	54.24
	53.69
	53.74
	53.67
	53.78
	53.86
	53.49
	53.73
	53.34
	53.15
	54.26
	53.49
	53.74
	53.65
	53.64
	53.71
	53.90
	54.20
	53.65

	Average: 53.1579
	Standard deviation: 0.39736

-> 119s
	53.70
	53.49
	53.96
	53.81
	53.73
	53.83
	53.78
	53.95
	53.50
	53.90
	53.73
	54.54
	54.18
	53.93
	54.03
	53.57
	53.93
	53.60
	54.02

	Average: 53.2105
	Standard deviation: 0.458831

-> 120s
	53.35
	53.74
	54.19
	54.04
	53.66
	53.73
	53.88
	53.87
	53.77
	53.53
	53.66
	53.73
	53.76
	53.65
	54.52
	54.00
	54.07
	53.71
	53.63

	Average: 53.2632
	Standard deviation: 0.512989

-> 121s
	53.78
	53.68
	53.90
	53.54
	53.95
	53.99
	53.60
	54.48
	53.60
	54.00
	53.66
	53.60
	53.52
	54.00
	53.66
	54.17
	53.64
	53.69
	54.21

	Average: 53.2632
	Standard deviation: 0.512989

-> 122s
	54.14
	53.49
	53.43
	53.70
	54.03
	53.69
	53.65
	53.51
	54.20
	53.59
	54.21
	54.30
	53.60
	53.95
	53.56
	53.82
	53.55
	53.75
	53.35

	Average: 53.2632
	Standard deviation: 0.512989

-> 123s
	53.92
	53.62
	53.74
	53.34
	53.90
	53.92
	53.60
	53.72
	53.52
	53.72
	53.76
	53.84
	53.93
	54.13
	53.59
	53.87
	54.22
	53.48
	53.74

	Average: 53.1053
	Standard deviation: 0.324443

-> 124s
	53.69
	53.83
	53.38
	54.18
	53.61
	54.07
	54.41
	53.84
	54.04
	53.55
	53.96
	53.73
	53.99
	54.08
	53.70
	54.01
	53.67
	54.29
	53.66

	Average: 53.3684
	Standard deviation: 0.606977

-> 125s
	53.66
	53.97
	54.01
	53.94
	53.91
	53.76
	53.82
	54.56
	53.72
	53.29
	54.14
	53.82
	53.74
	53.74
	53.69
	53.59
	53.68
	53.91
	53.84

	Average: 53.1579
	Standard deviation: 0.39736

-> 126s
	54.09
	53.97
	53.90
	53.66
	53.40
	53.64
	53.52
	53.76
	53.55
	53.56
	53.87
	53.39
	53.74
	53.49
	53.95
	54.01
	53.84
	53.51
	53.89

	Average: 53.1053
	Standard deviation: 0.324443

-> 127s
	53.77
	53.92
	53.96
	53.52
	54.05
	53.99
	53.55
	53.82
	53.43
	53.36
	54.04
	53.59
	54.18
	53.65
	53.67
	53.98
	53.71
	53.47
	53.84

	Average: 53.1579
	Standard deviation: 0.39736

-> 128s
	53.73
	53.56
	53.39
	53.73
	53.58
	53.58
	53.68
	53.76
	53.55
	54.32
	53.65
	53.96
	53.85
	53.58
	53.68
	53.65
	53.27
	53.51
	54.42

	Average: 53.1053
	Standard deviation: 0.324443

-> 129s
	53.57
	53.77
	53.36
	54.19
	53.98
	53.51
	53.74
	53.54
	53.88
	53.56
	54.03
	53.06
	53.81
	53.34
	53.85
	53.50
	53.57
	54.02
	53.27

	Average: 53.1579
	Standard deviation: 0.39736

-> 130s
	54.03
	53.49
	53.29
	53.74
	53.96
	53.48
	53.76
	53.51
	53.81
	53.54
	53.73
	53.84
	53.53
	53.62
	53.66
	53.52
	53.35
	53.82
	53.82

	Average: 53.0526
	Standard deviation: 0.229416

-> 131s
	53.72
	53.45
	53.78
	53.60
	53.85
	53.92
	53.92
	53.76
	53.73
	53.96
	53.96
	54.00
	53.75
	53.25
	54.36
	53.56
	53.99
	53.55
	53.19

	Average: 53.1053
	Standard deviation: 0.324443

-> 132s
	53.46
	53.98
	53.80
	53.70
	53.60
	53.66
	53.91
	53.39
	53.89
	54.02
	53.28
	54.23
	53.81
	53.51
	53.55
	53.94
	53.83
	53.60
	53.63

	Average: 53.1053
	Standard deviation: 0.324443

-> 133s
	53.54
	54.04
	53.66
	53.63
	53.93
	53.98
	53.98
	54.06
	53.80
	53.61
	53.77
	53.94
	54.00
	53.90
	54.17
	53.86
	53.93
	53.67
	54.10

	Average: 53.2632
	Standard deviation: 0.512989

-> 134s
	53.98
	53.88
	53.26
	53.55
	54.17
	54.45
	53.72
	54.41
	53.29
	53.78
	53.74
	53.69
	54.19
	54.25
	54.55
	53.52
	53.72
	53.68
	54.12

	Average: 53.3684
	Standard deviation: 0.606977

-> 135s
	53.66
	53.89
	53.73
	54.34
	53.76
	53.53
	53.81
	54.12
	53.94
	53.83
	54.32
	54.09
	53.60
	53.93
	53.78
	53.64
	54.03
	54.05
	53.66

	Average: 53.3158
	Standard deviation: 0.561951

-> 136s
	54.27
	53.89
	53.62
	54.06
	53.89
	53.74
	53.62
	54.39
	53.64
	53.76
	53.85
	53.82
	53.65
	53.88
	53.55
	53.62
	54.34
	53.66
	53.53

	Average: 53.2105
	Standard deviation: 0.458831

-> 137s
	53.59
	53.65
	53.70
	54.57
	54.06
	53.95
	53.58
	53.58
	54.26
	53.78
	53.62
	53.47
	53.81
	53.57
	53.80
	53.67
	53.61
	53.42
	53.58

	Average: 53.1579
	Standard deviation: 0.39736

-> 138s
	53.80
	53.65
	54.10
	54.30
	53.57
	53.84
	53.99
	53.84
	53.81
	53.52
	53.85
	53.51
	53.74
	54.10
	53.72
	53.62
	53.70
	54.02
	53.96

	Average: 53.2105
	Standard deviation: 0.458831

-> 139s
	53.64
	53.48
	53.58
	54.30
	54.12
	53.95
	53.96
	53.38
	53.96
	53.67
	53.86
	53.86
	53.77
	53.68
	53.62
	53.51
	53.35
	53.98
	53.62

	Average: 53.1053
	Standard deviation: 0.324443

-> 140s
	53.81
	54.01
	54.06
	53.88
	53.79
	53.93
	53.90
	53.58
	53.60
	53.61
	53.82
	53.48
	53.67
	54.00
	53.65
	53.91
	53.62
	53.50
	53.91

	Average: 53.1579
	Standard deviation: 0.39736

-> 141s
	53.83
	53.52
	53.67
	53.62
	53.66
	54.12
	54.22
	54.06
	53.45
	53.81
	53.59
	53.63
	53.54
	53.60
	53.78
	53.62
	53.97
	53.03
	53.56

	Average: 53.1579
	Standard deviation: 0.39736

-> 142s
	53.60
	53.85
	53.20
	53.16
	53.73
	53.63
	53.53
	53.44
	53.29
	53.84
	53.59
	53.78
	53.70
	53.61
	53.84
	53.55
	53.56
	53.51
	53.52

	Average: 53
	Standard deviation: 0

-> 143s
	53.98
	53.74
	53.58
	53.74
	53.64
	54.29
	53.72
	53.42
	53.98
	53.74
	53.98
	54.12
	54.11
	54.08
	54.02
	53.84
	53.12
	53.51
	53.29

	Average: 53.2632
	Standard deviation: 0.512989

-> 144s
	54.00
	53.53
	53.72
	53.19
	53.41
	53.56
	53.38
	54.26
	53.80
	53.77
	53.56
	53.88
	53.64
	53.58
	53.80
	54.59
	53.45
	53.66
	53.95

	Average: 53.1579
	Standard deviation: 0.39736

-> 145s
	54.18
	53.56
	53.41
	53.98
	53.67
	53.27
	53.84
	53.79
	53.82
	53.33
	53.57
	53.64
	53.40
	53.77
	53.88
	53.93
	53.78
	53.20
	53.83

	Average: 53.0526
	Standard deviation: 0.229416

-> 146s
	53.51
	53.50
	53.77
	53.70
	53.60
	53.77
	53.57
	53.86
	53.60
	53.81
	53.50
	53.87
	53.99
	53.92
	53.58
	53.64
	53.79
	53.74
	53.69

	Average: 53
	Standard deviation: 0

-> 147s
	53.94
	54.06
	53.90
	53.61
	54.47
	53.85
	53.59
	53.73
	53.60
	53.38
	53.82
	53.74
	53.25
	53.79
	53.72
	53.69
	53.70
	53.87
	53.86

	Average: 53.1053
	Standard deviation: 0.324443

-> 148s
	54.01
	53.89
	53.60
	53.80
	53.93
	53.49
	53.65
	53.84
	53.72
	53.84
	54.01
	53.86
	53.02
	53.60
	53.54
	53.82
	53.43
	53.66
	53.64

	Average: 53.1053
	Standard deviation: 0.324443

-> 149s
	54.17
	53.62
	53.79
	53.64
	53.65
	53.72
	53.69
	53.79
	54.32
	53.93
	53.61
	53.49
	53.61
	53.72
	53.69
	53.99
	54.08
	53.78
	53.69

	Average: 53.1579
	Standard deviation: 0.39736

-> 150s
	53.93
	53.58
	53.87
	54.02
	53.84
	53.88
	53.45
	54.23
	53.75
	53.80
	53.75
	53.47
	53.75
	53.59
	53.64
	53.47
	53.73
	54.01
	53.77

	Average: 53.1579
	Standard deviation: 0.39736

-> 151s
	53.70
	53.70
	53.47
	53.61
	53.71
	55.06
	54.02
	53.98
	54.12
	54.07
	53.52
	53.62
	53.44
	54.18
	53.96
	53.38
	54.02
	53.67
	54.48

	Average: 53.4211
	Standard deviation: 0.725476

-> 152s
	53.66
	53.56
	53.52
	53.48
	53.26
	54.09
	53.72
	53.49
	53.41
	53.67
	53.98
	53.44
	54.08
	53.90
	53.76
	54.05
	53.97
	53.92
	53.40

	Average: 53.1579
	Standard deviation: 0.39736

-> 153s
	53.79
	53.76
	53.81
	53.61
	53.94
	54.08
	59.62
	53.79
	53.57
	53.55
	53.41
	53.52
	53.64
	53.75
	53.75
	54.07
	53.91
	53.48
	53.85

	Average: 53.4211
	Standard deviation: 1.41421

-> 154s
	53.45
	53.89
	53.63
	53.74
	53.61
	54.14
	53.99
	53.95
	53.85
	53.64
	53.45
	53.89
	54.06
	53.85
	53.42
	54.62
	53.64
	53.58
	54.04

	Average: 53.2105
	Standard deviation: 0.458831

-> 155s
	53.58
	53.63
	53.89
	53.45
	53.71
	53.58
	53.94
	53.49
	53.61
	53.60
	53.76
	53.56
	53.93
	53.97
	53.56
	53.54
	53.85
	53.84
	53.17

	Average: 53
	Standard deviation: 0

-> 156s
	54.03
	53.92
	53.90
	53.77
	53.79
	53.56
	53.83
	53.87
	54.33
	54.29
	53.09
	54.07
	54.34
	53.81
	53.82
	53.55
	53.61
	53.66
	53.52

	Average: 53.2632
	Standard deviation: 0.512989

-> 157s
	53.61
	53.70
	54.18
	53.96
	53.80
	53.90
	53.93
	53.83
	53.75
	53.66
	54.02
	54.01
	54.00
	54.12
	53.57
	53.69
	53.83
	54.58
	54.09

	Average: 53.3684
	Standard deviation: 0.606977

-> 158s
	54.16
	53.86
	53.91
	54.49
	54.04
	53.87
	54.00
	53.66
	53.75
	53.63
	53.79
	53.92
	53.95
	54.39
	54.23
	53.96
	53.79
	53.52
	53.50

	Average: 53.3158
	Standard deviation: 0.561951

-> 159s
	54.04
	54.39
	53.84
	53.53
	53.73
	53.62
	53.35
	53.52
	53.98
	53.54
	54.19
	53.84
	54.00
	54.24
	53.78
	53.78
	54.76
	53.47
	54.18

	Average: 53.3684
	Standard deviation: 0.606977

-> 160s
	54.20
	53.93
	53.56
	53.79
	53.51
	53.75
	53.39
	53.72
	54.15
	53.95
	54.00
	53.31
	53.71
	53.46
	53.58
	53.58
	53.69
	53.48
	54.25

	Average: 53.2105
	Standard deviation: 0.458831

-> 161s
	53.78
	53.84
	53.60
	53.64
	53.74
	53.76
	54.22
	53.80
	53.75
	53.63
	53.32
	53.77
	53.81
	53.61
	53.49
	53.56
	53.61
	53.63
	53.70

	Average: 53.0526
	Standard deviation: 0.229416

-> 162s
	53.55
	53.74
	53.76
	53.93
	53.87
	53.94
	53.93
	53.76
	53.47
	53.67
	53.67
	54.65
	53.69
	53.62
	54.02
	53.73
	53.84
	54.12
	54.08

	Average: 53.2105
	Standard deviation: 0.458831

-> 163s
	53.70
	53.53
	53.70
	53.56
	53.64
	53.63
	53.88
	54.20
	53.74
	53.55
	53.56
	53.63
	53.83
	53.50
	53.57
	53.44
	54.37
	53.54
	53.91

	Average: 53.1053
	Standard deviation: 0.324443

-> 164s
	53.78
	53.81
	53.96
	53.56
	53.68
	53.88
	53.38
	53.63
	53.97
	53.44
	54.16
	53.53
	54.09
	53.63
	53.65
	53.85
	53.60
	53.90
	54.13

	Average: 53.1579
	Standard deviation: 0.39736

-> 165s
	53.87
	53.86
	53.58
	53.73
	54.41
	53.73
	53.69
	53.56
	53.41
	53.26
	54.17
	54.11
	53.64
	53.65
	53.97
	54.03
	53.44
	53.63
	54.05

	Average: 53.2632
	Standard deviation: 0.512989

-> 166s
	53.61
	54.13
	53.95
	53.40
	53.78
	53.65
	53.87
	53.74
	53.67
	54.23
	53.98
	53.77
	54.05
	53.65
	54.09
	53.53
	53.74
	53.69
	53.79

	Average: 53.2105
	Standard deviation: 0.458831

-> 167s
	53.67
	53.70
	53.72
	53.74
	53.53
	53.85
	53.95
	53.81
	53.58
	53.60
	53.71
	53.49
	53.78
	53.76
	53.63
	53.27
	53.83
	53.92
	54.34

	Average: 53.0526
	Standard deviation: 0.229416

-> 168s
	53.63
	53.78
	53.22
	53.93
	53.83
	53.52
	53.79
	53.77
	53.26
	53.53
	53.85
	53.87
	53.83
	53.25
	53.52
	53.48
	54.03
	53.87
	53.70

	Average: 53.0526
	Standard deviation: 0.229416

-> 169s
	53.85
	53.56
	53.55
	53.71
	53.75
	53.42
	53.63
	54.03
	53.54
	53.47
	53.53
	53.66
	53.61
	53.81
	53.71
	53.67
	53.57
	53.91
	54.04

	Average: 53.1053
	Standard deviation: 0.324443

-> 170s
	53.69
	53.80
	53.71
	53.81
	53.67
	53.53
	53.98
	53.49
	53.79
	53.63
	53.48
	54.08
	53.92
	53.60
	53.63
	53.60
	53.71
	53.73
	54.25

	Average: 53.1053
	Standard deviation: 0.324443

-> 171s
	53.34
	54.08
	53.57
	54.12
	53.32
	53.45
	53.30
	53.98
	53.40
	53.42
	53.41
	53.99
	53.80
	53.54
	53.82
	53.92
	53.43
	53.93
	53.75

	Average: 53.1053
	Standard deviation: 0.324443

-> 172s
	54.03
	53.83
	53.87
	53.63
	53.44
	53.88
	53.70
	53.86
	53.52
	53.97
	53.52
	53.69
	53.88
	54.45
	53.66
	54.36
	53.64
	53.88
	53.76

	Average: 53.1579
	Standard deviation: 0.39736

-> 173s
	53.64
	53.87
	53.56
	53.48
	53.97
	53.37
	53.61
	53.61
	53.89
	53.98
	53.90
	53.72
	53.67
	53.54
	54.02
	53.78
	53.94
	53.68
	53.55

	Average: 53.0526
	Standard deviation: 0.229416

-> 174s
	54.09
	53.89
	53.52
	53.63
	53.78
	53.80
	53.92
	53.46
	53.71
	53.71
	53.54
	53.71
	53.79
	54.01
	53.92
	53.68
	53.59
	53.41
	53.61

	Average: 53.1053
	Standard deviation: 0.324443

-> 175s
	53.89
	53.77
	53.64
	53.70
	53.73
	53.72
	53.64
	53.52
	53.70
	53.79
	53.63
	53.63
	53.85
	53.73
	53.82
	55.53
	53.68
	53.48
	53.28

	Average: 53.1053
	Standard deviation: 0.458831

-> 176s
	53.98
	53.76
	53.64
	53.74
	53.73
	53.48
	54.09
	54.06
	53.37
	53.73
	53.94
	53.88
	53.94
	53.71
	53.78
	53.69
	53.56
	53.93
	54.16

	Average: 53.1579
	Standard deviation: 0.39736

-> 177s
	53.53
	53.88
	53.53
	54.16
	53.74
	53.79
	53.68
	53.89
	53.91
	53.85
	54.07
	53.81
	54.09
	54.12
	53.91
	53.59
	53.55
	53.55
	53.81

	Average: 53.2105
	Standard deviation: 0.458831

-> 178s
	53.45
	53.52
	53.97
	53.74
	54.58
	53.72
	53.85
	53.87
	53.59
	53.75
	53.60
	53.74
	53.69
	53.48
	54.10
	53.99
	53.48
	54.00
	54.07

	Average: 53.2105
	Standard deviation: 0.458831

-> 179s
	53.69
	54.56
	53.66
	53.84
	53.47
	53.41
	54.22
	53.78
	53.85
	53.51
	53.88
	53.68
	53.49
	53.93
	53.74
	53.44
	53.44
	53.98
	53.39

	Average: 53.1053
	Standard deviation: 0.324443

-> 180s
	53.91
	53.56
	53.85
	53.58
	54.05
	53.90
	53.87
	53.71
	54.14
	53.96
	53.87
	53.55
	53.78
	53.55
	53.66
	53.55
	53.61
	53.66
	53.57

	Average: 53.1053
	Standard deviation: 0.324443

-> 181s
	53.85
	53.72
	53.47
	53.60
	53.45
	54.03
	53.78
	53.67
	53.75
	53.83
	54.11
	53.80
	53.91
	53.61
	53.97
	53.38
	53.74
	53.88
	53.79

	Average: 53.1053
	Standard deviation: 0.324443

-> 182s
	53.44
	53.48
	53.40
	53.87
	53.98
	53.60
	54.31
	53.89
	53.87
	54.00
	54.24
	53.73
	53.88
	53.74
	53.69
	53.59
	53.61
	53.41
	54.04

	Average: 53.2105
	Standard deviation: 0.458831

-> 183s
	54.67
	53.94
	53.86
	53.94
	53.84
	53.62
	54.17
	53.26
	53.72
	54.08
	53.58
	53.84
	53.61
	53.63
	54.48
	53.63
	53.63
	53.82
	53.26

	Average: 53.2105
	Standard deviation: 0.458831

-> 184s
	54.34
	53.84
	53.78
	53.98
	53.81
	53.85
	53.69
	53.52
	53.66
	53.69
	53.39
	53.59
	53.51
	54.29
	54.04
	53.97
	53.97
	53.53
	53.85

	Average: 53.1579
	Standard deviation: 0.39736

-> 185s
	53.72
	54.01
	53.49
	54.23
	54.24
	53.71
	53.60
	53.45
	53.82
	54.15
	54.11
	54.22
	53.91
	53.35
	53.98
	53.51
	54.16
	53.97
	53.76

	Average: 53.3684
	Standard deviation: 0.606977

-> 186s
	53.81
	53.93
	53.94
	53.45
	53.81
	54.01
	54.09
	53.51
	53.67
	53.63
	53.83
	53.50
	53.74
	53.65
	53.81
	53.51
	54.10
	53.81
	53.77

	Average: 53.1579
	Standard deviation: 0.39736

-> 187s
	53.65
	53.48
	53.58
	53.91
	53.59
	53.64
	53.77
	53.52
	53.78
	53.79
	53.75
	53.89
	53.46
	54.79
	53.49
	53.87
	53.65
	53.92
	53.74

	Average: 53.0526
	Standard deviation: 0.229416

-> 188s
	53.60
	53.90
	53.99
	53.94
	53.83
	53.67
	54.06
	53.97
	53.79
	53.28
	54.01
	53.41
	53.54
	54.07
	53.78
	54.20
	54.00
	54.40
	53.80

	Average: 53.3158
	Standard deviation: 0.561951

-> 189s
	53.82
	53.56
	53.74
	53.96
	53.55
	53.95
	53.54
	53.78
	54.61
	53.92
	53.78
	53.51
	54.27
	53.71
	53.58
	53.79
	53.51
	54.15
	53.60

	Average: 53.1579
	Standard deviation: 0.39736

-> 190s
	53.86
	54.14
	54.32
	53.72
	53.79
	53.62
	53.55
	53.65
	53.64
	53.87
	53.85
	53.55
	53.46
	53.72
	53.71
	53.26
	53.96
	53.67
	53.48

	Average: 53.1053
	Standard deviation: 0.324443

-> 191s
	53.63
	53.85
	53.64
	53.59
	53.48
	53.66
	53.90
	53.65
	53.79
	53.66
	53.68
	53.83
	53.43
	53.76
	53.87
	54.25
	53.46
	53.70
	53.67

	Average: 53.0526
	Standard deviation: 0.229416

-> 192s
	54.10
	53.85
	53.52
	54.19
	53.79
	53.85
	54.08
	53.63
	53.69
	53.52
	53.22
	54.33
	53.60
	53.69
	53.40
	53.90
	53.45
	54.04
	53.69

	Average: 53.2632
	Standard deviation: 0.512989

-> 193s
	53.62
	53.99
	53.81
	53.75
	53.57
	53.64
	54.04
	53.32
	53.48
	53.73
	53.86
	53.79
	54.19
	54.14
	53.43
	54.03
	53.56
	54.00
	54.03

	Average: 53.3158
	Standard deviation: 0.561951

-> 194s
	53.47
	53.29
	53.74
	53.98
	53.48
	53.74
	53.56
	53.90
	54.37
	53.76
	53.57
	53.66
	53.62
	53.72
	54.31
	53.63
	53.96
	53.85
	53.95

	Average: 53.1053
	Standard deviation: 0.324443

-> 195s
	53.88
	53.73
	54.01
	53.76
	53.94
	53.46
	53.96
	53.89
	53.41
	54.33
	53.55
	53.65
	53.91
	53.58
	53.98
	54.06
	53.41
	54.15
	54.04

	Average: 53.2632
	Standard deviation: 0.512989

-> 196s
	53.57
	54.01
	53.76
	53.64
	53.72
	53.69
	53.57
	53.70
	53.69
	53.48
	54.18
	54.23
	53.46
	54.17
	53.56
	53.75
	53.64
	53.78
	53.67

	Average: 53.2105
	Standard deviation: 0.458831

-> 197s
	53.80
	53.63
	53.59
	54.07
	53.62
	53.61
	53.89
	53.64
	53.74
	53.67
	53.47
	53.76
	53.72
	53.40
	54.10
	53.60
	53.82
	54.40
	53.78

	Average: 53.1579
	Standard deviation: 0.39736

-> 198s
	53.96
	53.45
	53.45
	54.13
	53.82
	53.92
	53.33
	53.55
	54.21
	53.92
	53.55
	53.65
	53.76
	53.44
	53.85
	53.74
	53.59
	53.73
	53.78

	Average: 53.1053
	Standard deviation: 0.324443

-> 199s
	53.72
	53.22
	53.39
	53.73
	53.75
	54.31
	53.96
	53.96
	53.79
	53.59
	54.05
	54.10
	53.67
	53.67
	53.81
	53.53
	53.85
	53.59
	54.03

	Average: 53.2105
	Standard deviation: 0.458831

-> 200s
	53.71
	53.71
	53.99
	54.03
	53.76
	53.62
	53.93
	54.04
	53.64
	53.66
	53.89
	53.67
	53.48
	54.35
	53.53
	53.63
	53.92
	54.04
	53.57

	Average: 53.2105
	Standard deviation: 0.458831

-> 201s
	53.80
	53.80
	53.41
	54.21
	53.75
	53.78
	53.82
	53.92
	53.85
	53.49
	53.51
	53.49
	53.76
	54.28
	53.86
	54.30
	54.46
	54.01
	53.59

	Average: 53.2632
	Standard deviation: 0.512989

-> 202s
	53.51
	54.14
	53.64
	54.09
	54.23
	53.67
	53.81
	53.65
	53.63
	53.57
	53.52
	53.14
	53.57
	53.44
	54.12
	53.93
	53.54
	53.77
	53.59

	Average: 53.2105
	Standard deviation: 0.458831

-> 203s
	53.70
	54.39
	53.86
	53.83
	53.77
	53.61
	54.19
	53.91
	53.63
	53.91
	53.58
	53.62
	53.65
	53.62
	53.65
	53.67
	53.50
	53.55
	53.77

	Average: 53.1053
	Standard deviation: 0.324443

-> 204s
	53.68
	53.74
	53.34
	53.29
	53.82
	53.78
	53.94
	53.66
	53.78
	53.97
	54.08
	53.75
	53.65
	53.62
	54.35
	53.81
	54.08
	53.95
	54.04

	Average: 53.2105
	Standard deviation: 0.458831

-> 205s
	53.94
	53.61
	53.77
	53.50
	53.63
	54.05
	53.71
	53.88
	53.94
	53.62
	53.80
	53.69
	53.82
	53.72
	53.93
	53.81
	53.60
	53.74
	53.77

	Average: 53.0526
	Standard deviation: 0.229416

-> 206s
	53.98
	54.04
	53.49
	53.42
	53.91
	53.91
	54.09
	53.81
	53.87
	53.64
	53.73
	53.61
	54.09
	53.80
	53.77
	53.64
	53.59
	53.70
	53.84

	Average: 53.1579
	Standard deviation: 0.39736

-> 207s
	53.92
	53.47
	53.80
	53.42
	53.56
	53.80
	53.89
	53.57
	54.19
	53.84
	53.76
	53.66
	53.54
	53.78
	53.40
	53.51
	53.66
	53.86
	53.60

	Average: 53.0526
	Standard deviation: 0.229416

-> 208s
	53.71
	53.94
	53.97
	53.68
	53.64
	53.37
	54.05
	53.72
	53.31
	53.82
	53.46
	53.38
	53.85
	53.89
	53.70
	54.07
	53.92
	53.70
	53.51

	Average: 53.1053
	Standard deviation: 0.324443

-> 209s
	53.69
	54.03
	53.87
	53.59
	53.83
	53.64
	53.53
	53.55
	54.00
	53.51
	53.75
	54.04
	53.60
	53.51
	53.84
	53.94
	53.96
	53.97
	53.38

	Average: 53.1579
	Standard deviation: 0.39736

-> 210s
	53.57
	54.21
	53.76
	53.79
	53.36
	53.67
	53.53
	53.95
	53.23
	54.21
	53.70
	54.09
	53.89
	53.62
	54.07
	53.91
	54.08
	53.58
	53.81

	Average: 53.2632
	Standard deviation: 0.512989

-> 211s
	53.58
	53.86
	53.74
	53.80
	53.72
	54.08
	54.64
	54.06
	53.74
	53.96
	54.56
	54.22
	53.52
	54.07
	53.94
	53.74
	53.50
	53.72
	53.89

	Average: 53.3158
	Standard deviation: 0.561951

-> 212s
	54.34
	53.63
	54.01
	53.84
	53.93
	54.35
	54.11
	53.67
	53.62
	54.00
	54.35
	54.24
	53.75
	53.88
	53.83
	53.65
	53.65
	53.62
	53.78

	Average: 53.3684
	Standard deviation: 0.606977

-> 213s
	54.55
	53.45
	53.56
	53.98
	53.90
	53.66
	53.46
	53.74
	53.57
	53.81
	53.82
	53.91
	53.70
	53.72
	54.32
	53.14
	54.17
	53.68
	53.40

	Average: 53.1579
	Standard deviation: 0.39736

-> 214s
	53.54
	53.63
	53.81
	53.42
	53.93
	53.76
	53.36
	53.72
	53.79
	53.96
	53.68
	53.75
	53.63
	54.05
	54.23
	53.62
	53.98
	53.68
	53.78

	Average: 53.1053
	Standard deviation: 0.324443

-> 215s
	53.53
	53.90
	53.96
	54.32
	53.99
	54.22
	53.89
	53.55
	53.67
	53.75
	53.72
	53.42
	53.68
	53.80
	53.81
	54.00
	53.65
	53.95
	53.52

	Average: 53.1579
	Standard deviation: 0.39736

-> 216s
	53.84
	53.56
	53.78
	53.66
	53.79
	54.42
	53.72
	53.86
	54.35
	53.73
	53.55
	53.96
	54.30
	53.49
	53.92
	53.66
	53.65
	53.71
	53.62

	Average: 53.1579
	Standard deviation: 0.39736

-> 217s
	53.59
	53.90
	54.22
	53.72
	53.79
	53.52
	53.65
	53.85
	53.91
	53.96
	53.55
	53.81
	53.56
	53.94
	54.79
	53.93
	53.52
	54.07
	54.31

	Average: 53.2105
	Standard deviation: 0.458831

-> 218s
	53.29
	54.23
	54.02
	53.97
	53.66
	53.85
	53.90
	53.37
	53.92
	54.16
	53.28
	53.37
	53.48
	53.90
	54.02
	53.80
	53.94
	54.53
	53.69

	Average: 53.2632
	Standard deviation: 0.512989

-> 219s
	53.68
	53.58
	54.06
	53.58
	54.15
	53.78
	53.79
	53.66
	53.65
	53.57
	53.39
	53.93
	53.16
	53.77
	53.76
	53.90
	53.68
	53.56
	53.30

	Average: 53.1053
	Standard deviation: 0.324443

-> 220s
	53.59
	54.16
	54.01
	53.88
	53.59
	53.88
	53.71
	53.82
	53.52
	53.58
	53.66
	53.94
	53.57
	53.80
	54.51
	53.73
	53.64
	54.08
	54.26

	Average: 53.2632
	Standard deviation: 0.512989

-> 221s
	53.68
	54.45
	54.19
	53.95
	54.32
	53.52
	53.78
	53.60
	53.37
	53.63
	53.88
	53.17
	53.37
	53.32
	53.84
	53.19
	53.97
	53.96
	53.13

	Average: 53.1579
	Standard deviation: 0.39736

-> 222s
	54.12
	53.81
	53.65
	53.61
	53.62
	53.20
	53.42
	53.28
	53.38
	54.03
	53.87
	53.84
	53.61
	53.88
	53.69
	53.14
	53.25
	53.96
	54.01

	Average: 53.1579
	Standard deviation: 0.39736

-> 223s
	54.16
	53.64
	53.72
	53.89
	53.62
	53.17
	53.57
	53.83
	54.15
	53.63
	53.57
	53.50
	53.74
	53.54
	53.83
	53.39
	54.16
	53.92
	53.56

	Average: 53.1579
	Standard deviation: 0.39736

-> 224s
	53.43
	53.92
	53.91
	53.50
	53.51
	54.19
	53.77
	53.66
	53.69
	53.74
	53.41
	53.53
	53.63
	53.80
	53.53
	53.73
	53.82
	53.65
	53.77

	Average: 53.0526
	Standard deviation: 0.229416

-> 225s
	53.21
	53.95
	53.75
	53.66
	53.42
	53.73
	53.65
	53.68
	53.87
	53.56
	53.60
	53.46
	53.54
	53.92
	53.65
	53.68
	53.91
	53.78
	53.98

	Average: 53
	Standard deviation: 0

-> 226s
	53.79
	53.89
	54.03
	54.12
	53.88
	54.21
	53.87
	53.51
	53.66
	53.70
	53.77
	53.64
	53.76
	53.73
	53.69
	53.60
	54.30
	53.95
	53.54

	Average: 53.2105
	Standard deviation: 0.458831

-> 227s
	53.72
	53.78
	53.86
	53.81
	53.95
	54.50
	53.67
	53.59
	53.48
	54.27
	54.06
	53.66
	54.46
	53.70
	53.71
	54.00
	54.06
	53.72
	53.72

	Average: 53.3158
	Standard deviation: 0.561951

-> 228s
	53.70
	53.52
	53.47
	53.74
	53.84
	54.07
	53.58
	53.52
	53.71
	54.11
	53.82
	53.47
	53.86
	53.79
	53.38
	53.80
	53.50
	53.84
	53.32

	Average: 53.1053
	Standard deviation: 0.324443

-> 229s
	53.67
	53.88
	53.42
	53.95
	54.43
	53.99
	53.41
	53.42
	53.79
	53.57
	54.04
	53.33
	53.71
	53.38
	53.26
	53.71
	53.56
	53.94
	54.28

	Average: 53.1579
	Standard deviation: 0.39736

-> 230s
	53.60
	53.80
	53.74
	53.73
	53.83
	54.04
	53.95
	53.76
	53.86
	53.68
	53.92
	53.35
	53.89
	53.78
	53.91
	54.87
	54.46
	54.18
	53.70

	Average: 53.2105
	Standard deviation: 0.458831

-> 231s
	54.04
	53.46
	53.50
	54.03
	54.22
	54.13
	53.89
	53.51
	53.85
	53.62
	53.57
	53.39
	53.97
	53.43
	53.67
	53.67
	53.51
	53.69
	53.83

	Average: 53.2105
	Standard deviation: 0.458831

-> 232s
	53.55
	53.68
	53.74
	53.93
	53.72
	53.59
	53.77
	53.42
	53.68
	54.13
	53.90
	53.51
	53.25
	54.10
	53.79
	54.15
	53.89
	53.65
	53.76

	Average: 53.1579
	Standard deviation: 0.39736

-> 233s
	53.40
	53.56
	53.86
	53.80
	53.62
	53.16
	53.61
	54.11
	53.68
	53.60
	53.51
	53.95
	53.95
	54.11
	53.60
	53.51
	53.95
	53.94
	53.68

	Average: 53.1053
	Standard deviation: 0.324443

-> 234s
	53.60
	53.81
	53.59
	54.08
	53.59
	53.90
	53.52
	53.49
	53.92
	53.71
	54.33
	54.10
	54.24
	53.71
	53.31
	54.14
	53.72
	53.56
	53.60

	Average: 53.2632
	Standard deviation: 0.512989

-> 235s
	53.93
	54.00
	53.94
	53.58
	53.76
	53.41
	53.64
	53.83
	54.02
	53.92
	54.08
	54.03
	53.54
	53.66
	53.37
	53.21
	54.17
	54.15
	53.79

	Average: 53.3158
	Standard deviation: 0.561951

-> 236s
	54.01
	53.52
	53.55
	53.74
	53.60
	53.78
	53.58
	53.50
	53.90
	53.48
	53.76
	53.80
	53.58
	53.38
	53.54
	53.91
	53.60
	53.59
	53.66

	Average: 53.0526
	Standard deviation: 0.229416

-> 237s
	53.73
	53.86
	54.13
	53.66
	53.67
	53.66
	53.82
	53.31
	53.13
	53.87
	53.59
	53.74
	54.15
	54.11
	54.04
	54.33
	53.85
	53.82
	53.50

	Average: 53.2632
	Standard deviation: 0.512989

-> 238s
	53.64
	54.00
	53.87
	54.32
	53.58
	53.74
	53.53
	53.96
	53.96
	54.15
	53.45
	53.85
	53.67
	53.65
	53.73
	53.45
	53.60
	54.16
	54.01

	Average: 53.2632
	Standard deviation: 0.512989

-> 239s
	53.78
	53.94
	53.87
	53.76
	53.67
	53.57
	53.42
	53.37
	54.34
	53.43
	53.49
	53.52
	53.55
	53.19
	53.24
	53.54
	53.79
	53.52
	54.09

	Average: 53.1053
	Standard deviation: 0.324443

-> 240s
	53.48
	53.62
	53.62
	53.94
	53.78
	53.46
	53.95
	53.56
	53.72
	53.98
	54.02
	53.55
	54.24
	53.65
	53.76
	53.95
	53.67
	54.16
	53.81

	Average: 53.1579
	Standard deviation: 0.39736

-> 241s
	53.86
	53.65
	53.83
	54.08
	53.65
	53.50
	53.58
	53.78
	53.48
	53.69
	53.85
	53.64
	53.69
	53.78
	54.02
	53.66
	53.80
	53.31
	53.61

	Average: 53.1053
	Standard deviation: 0.324443

-> 242s
	53.60
	53.43
	54.09
	53.46
	53.81
	53.50
	53.66
	53.65
	53.56
	53.83
	53.68
	54.08
	53.96
	53.58
	54.09
	53.61
	54.03
	53.72
	53.79

	Average: 53.2105
	Standard deviation: 0.458831

-> 243s
	53.20
	53.50
	53.76
	53.99
	53.64
	53.78
	53.52
	53.76
	53.59
	53.61
	53.66
	53.61
	53.90
	53.87
	53.83
	53.73
	54.08
	54.30
	53.93

	Average: 53.1053
	Standard deviation: 0.324443

-> 244s
	53.63
	53.39
	53.63
	53.99
	54.32
	53.68
	53.65
	53.60
	53.71
	53.86
	53.30
	53.94
	53.78
	53.99
	53.51
	53.70
	53.83
	53.90
	53.82

	Average: 53.0526
	Standard deviation: 0.229416

-> 245s
	53.83
	53.96
	53.53
	54.00
	53.91
	53.75
	53.74
	53.65
	53.94
	54.08
	53.65
	53.70
	53.70
	53.61
	53.66
	54.02
	54.22
	53.78
	54.11

	Average: 53.2632
	Standard deviation: 0.512989

-> 246s
	53.62
	53.57
	53.71
	53.77
	53.58
	54.03
	53.68
	54.23
	54.40
	53.67
	53.71
	53.86
	53.71
	53.60
	53.58
	53.95
	53.99
	54.54
	53.85

	Average: 53.2105
	Standard deviation: 0.458831

-> 247s
	53.46
	53.69
	53.98
	53.39
	54.34
	54.10
	53.95
	53.80
	54.00
	54.13
	54.10
	53.94
	54.27
	53.52
	53.42
	53.51
	53.93
	54.76
	53.37

	Average: 53.3684
	Standard deviation: 0.606977

-> 248s
	53.61
	53.51
	53.61
	53.77
	53.76
	53.77
	53.64
	54.07
	54.31
	54.25
	53.67
	53.61
	53.54
	53.98
	53.83
	53.66
	53.61
	53.76
	53.38

	Average: 53.1579
	Standard deviation: 0.39736

-> 249s
	53.76
	53.45
	53.96
	53.03
	53.35
	53.97
	53.37
	53.70
	53.43
	54.06
	53.96
	53.58
	53.71
	54.01
	53.78
	54.18
	53.48
	54.04
	53.32

	Average: 53.2105
	Standard deviation: 0.458831

-> 250s
	53.88
	53.80
	53.74
	54.47
	53.86
	53.96
	54.08
	54.39
	53.39
	54.25
	53.77
	54.02
	53.70
	53.62
	53.86
	53.62
	53.55
	53.61
	53.71

	Average: 53.2632
	Standard deviation: 0.512989

-> 251s
	53.65
	53.60
	53.61
	54.07
	54.19
	53.65
	53.59
	54.27
	53.88
	53.60
	53.57
	54.05
	54.14
	54.12
	53.73
	54.33
	53.80
	53.44
	53.64

	Average: 53.3684
	Standard deviation: 0.606977

-> 252s
	53.60
	53.45
	53.95
	53.71
	53.85
	53.23
	53.94
	53.19
	53.51
	53.73
	53.64
	53.72
	54.10
	54.17
	53.65
	53.81
	53.64
	53.74
	53.53

	Average: 53.1053
	Standard deviation: 0.324443

-> 253s
	53.41
	53.77
	54.03
	54.14
	53.54
	53.64
	53.70
	54.02
	54.08
	53.97
	54.17
	53.87
	53.53
	53.92
	53.63
	53.33
	53.67
	53.72
	53.91

	Average: 53.2632
	Standard deviation: 0.512989

-> 254s
	53.98
	54.05
	53.66
	53.64
	53.80
	53.66
	53.46
	53.80
	53.53
	53.78
	53.35
	53.64
	54.00
	53.59
	53.75
	53.82
	54.01
	53.72
	53.55

	Average: 53.1579
	Standard deviation: 0.39736

-> 255s
	53.22
	53.89
	53.60
	54.11
	53.57
	53.71
	53.68
	53.62
	54.02
	53.94
	53.71
	53.73
	53.68
	53.79
	53.49
	53.97
	53.59
	53.80
	53.67

	Average: 53.1053
	Standard deviation: 0.324443

-> 256s
	53.76
	53.63
	53.62
	53.46
	54.01
	53.31
	53.82
	53.54
	53.86
	54.09
	53.72
	53.62
	53.31
	53.74
	53.69
	53.67
	53.48
	54.08
	53.68

	Average: 53.1579
	Standard deviation: 0.39736

-> 257s
	53.40
	53.75
	54.43
	53.57
	53.89
	53.59
	53.61
	53.66
	54.18
	53.47
	54.49
	53.61
	53.67
	53.49
	53.99
	53.32
	53.92
	53.54
	53.71

	Average: 53.1579
	Standard deviation: 0.39736

-> 258s
	53.42
	53.63
	54.14
	53.42
	53.43
	53.77
	53.50
	53.79
	53.77
	53.64
	53.91
	53.29
	53.83
	53.68
	53.69
	53.60
	53.60
	53.73
	53.62

	Average: 53.0526
	Standard deviation: 0.229416

-> 259s
	54.02
	54.23
	53.77
	53.98
	54.09
	53.79
	53.50
	53.94
	53.52
	54.01
	54.30
	53.68
	53.72
	53.64
	53.80
	53.87
	54.24
	54.14
	53.89

	Average: 53.3684
	Standard deviation: 0.606977

-> 260s
	53.94
	53.56
	54.32
	53.40
	53.31
	53.88
	53.81
	53.78
	53.62
	53.86
	53.42
	53.43
	53.88
	53.69
	53.63
	53.90
	54.11
	54.00
	53.59

	Average: 53.1579
	Standard deviation: 0.39736

-> 261s
	53.78
	53.92
	54.06
	53.86
	53.79
	54.42
	53.88
	53.70
	53.60
	53.65
	53.59
	53.78
	53.60
	54.10
	53.80
	53.96
	54.06
	54.03
	54.43

	Average: 53.3158
	Standard deviation: 0.561951

-> 262s
	53.74
	53.58
	54.63
	53.64
	53.73
	54.42
	53.28
	53.72
	53.93
	53.68
	53.74
	53.61
	54.34
	53.57
	54.07
	53.73
	53.97
	53.65
	53.46

	Average: 53.2105
	Standard deviation: 0.458831

-> 263s
	53.60
	54.21
	53.60
	53.63
	53.76
	53.60
	53.95
	54.18
	53.46
	54.11
	53.50
	54.11
	53.69
	53.90
	53.68
	54.07
	53.67
	54.07
	53.87

	Average: 53.3158
	Standard deviation: 0.561951

-> 264s
	54.07
	54.14
	54.04
	54.64
	53.39
	53.86
	53.68
	53.75
	53.50
	53.52
	53.65
	53.48
	54.28
	54.03
	53.45
	53.98
	53.45
	53.91
	54.32

	Average: 53.3684
	Standard deviation: 0.606977

-> 265s
	53.88
	53.54
	53.71
	53.31
	54.05
	53.49
	53.57
	54.01
	53.91
	54.01
	53.60
	53.57
	53.77
	53.64
	53.63
	54.70
	53.18
	53.32
	53.67

	Average: 53.2105
	Standard deviation: 0.458831

-> 266s
	53.66
	53.76
	53.51
	53.94
	53.55
	53.78
	53.60
	53.68
	53.62
	53.73
	53.73
	53.74
	53.57
	53.65
	53.63
	53.51
	54.08
	53.97
	53.63

	Average: 53.0526
	Standard deviation: 0.229416

-> 267s
	53.46
	53.80
	54.02
	54.06
	53.78
	54.03
	53.62
	53.59
	53.52
	53.86
	53.84
	53.85
	53.98
	53.63
	53.80
	53.61
	53.55
	53.80
	53.79

	Average: 53.1579
	Standard deviation: 0.39736

-> 268s
	53.81
	53.34
	53.97
	54.09
	54.06
	54.39
	53.81
	53.37
	53.80
	53.44
	53.65
	53.52
	53.66
	53.19
	54.25
	53.46
	53.35
	54.10
	53.63

	Average: 53.2632
	Standard deviation: 0.512989

-> 269s
	53.62
	53.74
	53.98
	53.79
	54.21
	53.84
	53.63
	53.75
	53.46
	53.73
	54.85
	53.68
	53.83
	54.00
	54.03
	54.03
	53.10
	53.37
	54.01

	Average: 53.3158
	Standard deviation: 0.561951

-> 270s
	53.83
	54.20
	53.27
	53.39
	53.79
	53.40
	53.99
	53.63
	53.66
	53.37
	53.88
	53.70
	53.68
	53.61
	53.62
	53.91
	53.59
	53.90
	53.92

	Average: 53.0526
	Standard deviation: 0.229416

-> 271s
	53.78
	53.95
	53.59
	53.91
	53.53
	53.53
	53.78
	53.53
	53.51
	54.03
	54.42
	53.84
	53.57
	53.99
	53.42
	53.57
	53.92
	53.48
	53.49

	Average: 53.1053
	Standard deviation: 0.324443

-> 272s
	53.69
	53.69
	53.80
	53.57
	53.80
	54.07
	53.77
	53.82
	53.75
	53.91
	53.62
	53.64
	53.67
	53.80
	53.51
	53.72
	53.51
	53.60
	54.13

	Average: 53.1053
	Standard deviation: 0.324443

-> 273s
	54.17
	54.23
	53.76
	53.94
	53.28
	53.52
	53.73
	53.68
	53.69
	53.78
	53.60
	53.69
	53.65
	53.75
	53.43
	53.86
	53.75
	53.34
	53.69

	Average: 53.1053
	Standard deviation: 0.324443

-> 274s
	53.85
	54.29
	53.76
	53.68
	53.63
	53.78
	53.57
	53.70
	53.77
	53.44
	53.61
	54.04
	53.65
	53.71
	53.68
	53.62
	54.32
	53.76
	53.50

	Average: 53.1579
	Standard deviation: 0.39736

-> 275s
	53.79
	53.97
	53.36
	53.55
	53.56
	53.58
	53.80
	53.75
	53.41
	54.21
	53.75
	53.78
	53.50
	54.09
	54.40
	53.86
	53.48
	54.18
	53.36

	Average: 53.2105
	Standard deviation: 0.458831

-> 276s
	54.25
	53.50
	53.72
	53.98
	53.68
	53.68
	53.47
	53.57
	53.76
	53.68
	54.19
	53.70
	54.25
	54.26
	54.53
	53.98
	54.25
	53.99
	54.01

	Average: 53.3684
	Standard deviation: 0.606977

-> 277s
	53.84
	53.67
	53.71
	54.03
	53.66
	53.69
	53.58
	54.22
	54.04
	53.47
	53.76
	53.48
	53.42
	54.10
	53.71
	53.66
	53.72
	53.29
	53.69

	Average: 53.2105
	Standard deviation: 0.458831

-> 278s
	53.97
	53.81
	53.57
	53.59
	53.97
	53.87
	53.90
	53.52
	53.68
	53.77
	53.82
	53.51
	53.71
	53.71
	53.95
	53.54
	54.00
	53.89
	53.65

	Average: 53.0526
	Standard deviation: 0.229416

-> 279s
	53.57
	53.53
	53.61
	53.88
	53.76
	54.76
	54.36
	54.07
	53.72
	53.56
	53.59
	53.22
	53.58
	53.86
	53.94
	54.37
	53.98
	53.68
	54.08

	Average: 53.2632
	Standard deviation: 0.512989

-> 280s
	54.10
	53.94
	53.56
	54.10
	53.34
	53.74
	53.73
	53.61
	54.20
	53.82
	53.46
	53.79
	53.49
	53.71
	53.45
	54.17
	53.31
	53.73
	53.68

	Average: 53.2105
	Standard deviation: 0.458831

-> 281s
	53.69
	53.40
	54.29
	54.07
	53.64
	53.78
	53.51
	54.22
	54.35
	54.10
	53.27
	53.80
	53.87
	53.61
	53.61
	53.58
	53.55
	53.18
	53.36

	Average: 53.2632
	Standard deviation: 0.512989

-> 282s
	53.66
	53.82
	54.17
	53.75
	53.85
	54.05
	53.83
	53.93
	54.24
	53.88
	53.74
	53.72
	53.61
	54.03
	54.09
	54.00
	54.35
	54.00
	53.38

	Average: 53.4211
	Standard deviation: 0.648886

-> 283s
	53.86
	53.79
	53.48
	53.68
	54.67
	54.09
	53.88
	54.07
	53.82
	53.89
	53.72
	53.68
	53.36
	53.95
	53.96
	54.29
	54.30
	53.71
	53.96

	Average: 53.2632
	Standard deviation: 0.512989

-> 284s
	53.58
	53.88
	53.29
	54.32
	53.71
	53.47
	54.14
	54.22
	53.84
	53.86
	53.99
	53.87
	53.70
	53.97
	53.82
	53.60
	53.76
	53.61
	53.96

	Average: 53.1579
	Standard deviation: 0.39736

-> 285s
	53.94
	54.01
	53.78
	53.84
	53.58
	53.56
	53.35
	54.03
	53.98
	53.64
	53.90
	53.67
	53.72
	53.94
	54.21
	53.87
	53.65
	53.75
	53.87

	Average: 53.1579
	Standard deviation: 0.39736

-> 286s
	53.89
	54.10
	53.85
	53.52
	53.76
	53.86
	54.13
	53.74
	54.14
	53.68
	53.67
	53.65
	54.37
	53.66
	54.31
	53.60
	53.68
	53.58
	53.98

	Average: 53.2632
	Standard deviation: 0.512989

-> 287s
	54.47
	53.76
	53.66
	53.52
	53.81
	53.85
	53.71
	53.94
	53.42
	53.86
	53.74
	53.54
	53.69
	53.74
	53.43
	53.49
	53.77
	53.52
	53.40

	Average: 53.0526
	Standard deviation: 0.229416

-> 288s
	53.65
	53.70
	53.84
	53.72
	53.58
	54.22
	53.86
	53.75
	53.80
	53.59
	53.47
	54.21
	53.79
	53.77
	53.73
	53.59
	53.74
	54.05
	54.18

	Average: 53.2105
	Standard deviation: 0.458831

-> 289s
	53.90
	54.18
	54.08
	53.68
	54.10
	53.67
	53.32
	53.67
	53.67
	53.82
	53.41
	53.81
	53.53
	53.88
	53.48
	53.62
	53.69
	54.54
	53.78

	Average: 53.2105
	Standard deviation: 0.458831

-> 290s
	53.72
	54.06
	53.90
	53.96
	53.82
	53.98
	53.58
	53.75
	53.53
	53.89
	53.34
	53.57
	54.01
	53.85
	53.22
	53.67
	53.56
	53.77
	53.86

	Average: 53.1053
	Standard deviation: 0.324443

-> 291s
	53.97
	53.67
	53.52
	53.73
	53.77
	53.49
	53.53
	53.96
	53.82
	53.86
	53.49
	53.72
	53.59
	53.74
	53.63
	53.48
	53.93
	53.69
	53.63

	Average: 53
	Standard deviation: 0

-> 292s
	53.45
	53.57
	53.62
	53.84
	53.85
	53.36
	53.72
	53.79
	53.60
	53.79
	53.72
	53.62
	53.54
	53.27
	53.90
	53.66
	53.79
	53.61
	53.91

	Average: 53
	Standard deviation: 0

-> 293s
	53.77
	54.14
	53.90
	53.89
	53.55
	53.50
	53.69
	53.74
	53.67
	53.97
	54.02
	53.50
	53.64
	53.71
	53.48
	53.85
	53.84
	54.02
	53.76

	Average: 53.1579
	Standard deviation: 0.39736

-> 294s
	53.76
	53.57
	53.86
	53.53
	53.81
	53.47
	53.84
	53.69
	53.46
	53.82
	53.98
	54.08
	53.99
	53.70
	53.69
	53.29
	54.08
	53.82
	53.81

	Average: 53.1053
	Standard deviation: 0.324443

-> 295s
	53.49
	53.68
	53.98
	53.64
	53.96
	53.50
	53.85
	53.62
	53.83
	54.51
	53.64
	53.70
	53.63
	53.55
	54.09
	53.63
	53.76
	53.45
	54.59

	Average: 53.1579
	Standard deviation: 0.39736

-> 296s
	53.42
	53.94
	53.64
	53.49
	53.79
	53.42
	53.85
	53.82
	53.47
	53.77
	53.66
	53.67
	53.95
	53.35
	53.52
	53.90
	54.30
	53.65
	53.74

	Average: 53.0526
	Standard deviation: 0.229416

-> 297s
	53.84
	53.71
	53.76
	53.69
	54.06
	53.85
	53.67
	53.63
	54.01
	54.47
	53.89
	53.85
	53.55
	53.96
	53.39
	54.21
	53.78
	53.34
	53.50

	Average: 53.2105
	Standard deviation: 0.458831

-> 298s
	54.08
	53.73
	53.77
	53.96
	53.58
	53.92
	54.01
	54.50
	53.66
	54.02
	53.61
	54.22
	54.14
	54.24
	53.91
	54.00
	53.69
	54.04
	53.72

	Average: 53.4737
	Standard deviation: 0.688247

-> 299s
	53.73
	54.58
	53.54
	53.79
	54.07
	53.93
	53.80
	53.63
	53.79
	53.82
	54.18
	53.93
	53.77
	53.36
	54.06
	53.50
	53.44
	53.63
	53.97

	Average: 53.2105
	Standard deviation: 0.458831

-> 300s
	53.57
	53.92
	53.71
	54.04
	53.60
	54.02
	53.36
	53.33
	53.80
	53.82
	53.56
	53.47
	53.71
	53.91
	53.35
	53.93
	53.54
	53.82
	53.41

	Average: 53.1053
	Standard deviation: 0.324443

