-> 1s
	41.77
	40.42
	40.72
	40.16
	40.35
	40.59
	40.59
	40.54
	40.18
	40.99
	40.43
	40.44
	40.13
	39.98
	39.96
	40.72
	40.46
	40.46
	40.66
	40.77
	40.33
	40.83
	40.29
	40.50
	40.77

	Average: 39.96
	Standard deviation: 1.0198

-> 2s
	40.73
	40.47
	41.38
	40.73
	40.55
	40.24
	40.77
	40.66
	40.65
	40.65
	40.52
	40.55
	40.75
	40.44
	40.43
	40.69
	40.65
	40.56
	40.19
	40.81
	39.94
	40.57
	41.47
	40.65
	40.72

	Average: 40.04
	Standard deviation: 0.34641

-> 3s
	40.58
	40.37
	40.42
	40.87
	40.23
	40.22
	41.05
	40.46
	40.40
	40.52
	40.62
	40.43
	40.25
	39.93
	40.28
	40.16
	40.70
	40.40
	40.90
	40.57
	40.53
	40.71
	40.57
	40.39
	40.60

	Average: 40
	Standard deviation: 0.282843

-> 4s
	40.68
	40.31
	40.27
	40.07
	40.54
	40.81
	40.48
	40.53
	40.44
	40.55
	40.27
	40.50
	40.10
	41.13
	40.62
	40.53
	40.47
	40.25
	40.60
	40.31
	41.25
	40.12
	40.33
	40.48
	40.55

	Average: 40.08
	Standard deviation: 0.282843

-> 5s
	40.65
	40.40
	40.43
	40.76
	40.73
	40.41
	40.53
	40.40
	40.50
	40.71
	40.48
	40.60
	40.53
	40.49
	40.92
	40.58
	40.40
	40.68
	40.50
	40.47
	40.43
	40.67
	40.28
	40.38
	40.47

	Average: 40
	Standard deviation: 0

-> 6s
	41.14
	40.22
	41.12
	40.18
	40.83
	40.86
	40.75
	40.39
	40.19
	40.55
	40.78
	40.61
	40.56
	40.61
	40.64
	40.46
	40.50
	40.78
	40.52
	40.67
	40.32
	40.42
	40.63
	40.89
	40.27

	Average: 40.08
	Standard deviation: 0.282843

-> 7s
	40.79
	40.01
	40.45
	40.25
	40.67
	40.79
	40.58
	40.59
	40.38
	40.85
	40.56
	40.60
	41.36
	40.38
	40.83
	40.68
	40.56
	40.33
	40.94
	40.68
	40.39
	40.65
	40.74
	40.79
	40.38

	Average: 40.04
	Standard deviation: 0.2

-> 8s
	40.53
	40.49
	40.26
	40.84
	40.69
	40.34
	40.67
	40.97
	40.29
	40.83
	40.42
	40.39
	40.43
	40.39
	40.57
	40.66
	40.08
	40.91
	39.91
	40.13
	40.95
	40.26
	40.71
	40.43
	40.58

	Average: 39.96
	Standard deviation: 0.979796

-> 9s
	40.00
	40.45
	40.56
	40.47
	40.45
	40.67
	40.62
	40.65
	40.52
	40.51
	40.46
	40.55
	40.54
	40.60
	40.67
	40.59
	40.74
	40.54
	40.52
	40.47
	40.62
	40.58
	40.60
	40.42
	40.54

	Average: 40
	Standard deviation: 0

-> 10s
	40.48
	40.34
	40.59
	40.18
	40.24
	40.40
	40.54
	40.36
	40.13
	40.66
	40.17
	41.02
	40.49
	40.12
	40.89
	40.64
	40.24
	40.67
	40.58
	40.92
	40.38
	40.73
	40.65
	40.38
	40.70

	Average: 40.04
	Standard deviation: 0.2

-> 11s
	40.59
	40.82
	40.31
	40.54
	40.20
	40.81
	40.61
	40.13
	40.34
	40.50
	40.41
	40.10
	40.89
	40.64
	40.55
	40.65
	40.86
	40.65
	40.01
	41.04
	40.57
	40.51
	40.50
	40.45
	40.30

	Average: 40.04
	Standard deviation: 0.2

-> 12s
	40.16
	40.06
	40.00
	40.49
	40.54
	40.67
	40.63
	40.32
	40.48
	40.66
	40.58
	40.54
	40.12
	41.04
	39.99
	40.20
	40.59
	40.62
	40.57
	40.70
	40.46
	40.46
	40.64
	40.57
	40.41

	Average: 40
	Standard deviation: 0.282843

-> 13s
	40.28
	40.39
	40.31
	40.33
	40.20
	41.18
	40.54
	40.30
	40.14
	40.92
	40.26
	41.10
	40.67
	40.53
	40.61
	40.22
	40.70
	40.36
	40.80
	40.51
	40.52
	40.73
	40.54
	40.60
	40.42

	Average: 40.08
	Standard deviation: 0.282843

-> 14s
	39.93
	40.35
	40.37
	40.61
	40.40
	39.86
	40.07
	40.00
	40.53
	40.76
	40.95
	40.12
	40.58
	40.49
	40.60
	40.50
	40.91
	40.45
	41.34
	40.64
	40.50
	40.69
	40.83
	40.23
	40.23

	Average: 39.96
	Standard deviation: 1.0198

-> 15s
	41.00
	40.08
	40.00
	40.54
	40.27
	40.55
	40.03
	40.59
	40.37
	40.71
	40.41
	40.51
	39.89
	40.65
	40.64
	40.30
	40.68
	40.83
	40.56
	40.46
	40.23
	40.82
	40.66
	40.14
	40.08

	Average: 40
	Standard deviation: 0.282843

-> 16s
	40.43
	40.51
	40.66
	40.71
	40.08
	39.85
	40.11
	41.14
	39.86
	39.83
	40.45
	40.60
	40.31
	40.36
	40.58
	40.80
	40.56
	40.59
	40.62
	40.40
	40.35
	40.98
	40.32
	40.76
	41.36

	Average: 39.96
	Standard deviation: 1.0583

-> 17s
	40.56
	40.65
	40.68
	40.46
	40.53
	40.12
	40.17
	40.57
	40.44
	40.00
	40.42
	40.31
	40.32
	41.11
	40.80
	40.38
	40.55
	40.52
	40.54
	40.40
	40.31
	40.72
	40.59
	40.43
	40.05

	Average: 40.04
	Standard deviation: 0.2

-> 18s
	40.28
	40.39
	40.97
	41.37
	40.68
	40.48
	40.57
	40.05
	40.97
	40.65
	40.99
	40.38
	40.36
	40.59
	40.72
	40.62
	40.51
	40.53
	39.81
	40.23
	40.52
	40.49
	40.63
	40.75
	40.46

	Average: 40
	Standard deviation: 0.282843

-> 19s
	40.84
	40.44
	40.64
	39.97
	39.92
	40.66
	40.81
	40.55
	40.73
	40.58
	40.41
	40.29
	40.77
	40.37
	40.43
	40.73
	40.33
	40.52
	40.48
	40.50
	40.63
	40.49
	40.69
	40.60
	40.82

	Average: 39.92
	Standard deviation: 0.959166

-> 20s
	40.43
	40.63
	40.70
	40.32
	40.53
	40.67
	40.45
	40.17
	40.44
	40.84
	40.40
	40.32
	41.10
	40.40
	40.05
	40.29
	40.51
	40.24
	40.57
	39.89
	40.55
	40.49
	40.57
	40.58
	40.64

	Average: 40
	Standard deviation: 0.282843

-> 21s
	40.61
	40.60
	40.68
	40.48
	40.45
	40.76
	40.84
	40.27
	40.23
	40.95
	40.72
	40.46
	40.58
	40.75
	40.57
	40.74
	40.47
	40.57
	40.41
	40.27
	39.77
	40.96
	40.47
	40.77
	39.90

	Average: 39.92
	Standard deviation: 0.959166

-> 22s
	40.22
	40.83
	40.47
	40.66
	40.59
	40.61
	39.90
	40.80
	40.63
	40.29
	39.94
	40.62
	40.36
	40.73
	40.62
	40.54
	40.46
	40.69
	40.47
	40.68
	40.51
	39.94
	40.37
	40.29
	40.51

	Average: 39.88
	Standard deviation: 0.938083

-> 23s
	40.47
	40.47
	40.97
	40.40
	40.67
	40.36
	40.31
	40.26
	40.29
	40.19
	40.12
	40.31
	40.58
	40.84
	41.18
	40.81
	40.54
	40.54
	40.61
	40.56
	40.50
	40.61
	40.58
	40.44
	40.01

	Average: 40.04
	Standard deviation: 0.2

-> 24s
	40.59
	40.43
	40.57
	40.51
	40.26
	40.81
	40.55
	40.94
	40.48
	40.62
	40.25
	40.50
	40.81
	40.53
	40.74
	40.64
	40.52
	40.37
	40.17
	40.17
	39.91
	40.29
	40.38
	40.76
	40.54

	Average: 39.96
	Standard deviation: 0.979796

-> 25s
	40.76
	40.43
	40.49
	40.66
	39.75
	40.09
	40.17
	40.92
	40.58
	40.70
	40.21
	40.73
	40.14
	41.01
	40.72
	40.53
	40.28
	40.27
	40.94
	40.39
	39.92
	40.47
	40.32
	40.22
	40.67

	Average: 39.96
	Standard deviation: 1.0198

-> 26s
	41.15
	40.36
	40.02
	40.30
	40.79
	40.13
	40.96
	40.57
	40.55
	40.45
	40.26
	40.72
	40.43
	40.09
	40.14
	40.65
	40.07
	40.33
	40.37
	40.77
	40.38
	40.80
	40.34
	40.73
	40.67

	Average: 40.04
	Standard deviation: 0.2

-> 27s
	40.67
	40.39
	40.85
	40.44
	40.54
	39.97
	40.05
	40.66
	40.68
	40.45
	40.37
	40.52
	40.81
	40.75
	40.42
	40.71
	41.44
	40.79
	40.34
	39.85
	40.30
	40.33
	41.04
	40.77
	40.46

	Average: 40
	Standard deviation: 0.4

-> 28s
	40.76
	40.62
	40.39
	40.37
	40.94
	40.69
	40.70
	40.46
	40.75
	40.40
	40.34
	40.05
	40.33
	40.76
	40.46
	40.58
	40.73
	40.52
	40.64
	40.27
	40.88
	40.52
	40.46
	40.14
	40.37

	Average: 40
	Standard deviation: 0

-> 29s
	41.02
	39.97
	40.38
	40.83
	40.54
	40.35
	40.66
	40.39
	40.77
	40.35
	40.73
	40.34
	40.60
	40.79
	40.33
	40.48
	40.60
	40.70
	40.46
	40.62
	40.65
	40.54
	40.71
	40.48
	40.58

	Average: 40
	Standard deviation: 0.282843

-> 30s
	40.61
	40.87
	40.61
	40.55
	40.00
	40.36
	40.30
	40.72
	40.24
	40.00
	40.38
	40.52
	40.51
	40.54
	40.80
	40.54
	41.27
	40.93
	40.49
	39.96
	40.94
	40.61
	40.61
	40.58
	40.28

	Average: 40
	Standard deviation: 0.282843

-> 31s
	40.67
	40.07
	40.27
	40.24
	40.31
	40.29
	40.30
	40.45
	40.77
	40.48
	40.80
	40.64
	40.46
	40.32
	40.57
	40.53
	40.62
	40.37
	40.66
	40.61
	40.82
	40.24
	41.01
	40.28
	40.10

	Average: 40.04
	Standard deviation: 0.2

-> 32s
	40.59
	40.68
	40.68
	40.55
	40.72
	41.14
	40.63
	40.69
	40.39
	40.88
	40.44
	39.95
	40.42
	40.83
	40.62
	40.20
	40.66
	40.48
	40.81
	40.14
	40.04
	40.48
	40.55
	40.69
	40.54

	Average: 40
	Standard deviation: 0.282843

-> 33s
	40.45
	40.90
	40.48
	40.61
	40.57
	40.29
	41.00
	40.24
	40.72
	40.16
	40.43
	40.29
	39.88
	40.48
	40.35
	39.97
	40.61
	40.60
	40.42
	40.00
	40.60
	40.42
	40.38
	40.06
	40.30

	Average: 39.96
	Standard deviation: 1.0198

-> 34s
	40.37
	40.85
	40.51
	40.70
	40.26
	40.66
	40.79
	39.88
	40.41
	40.33
	40.72
	40.42
	40.74
	40.16
	40.23
	40.86
	40.02
	40.39
	40.38
	40.70
	40.63
	40.56
	40.76
	40.26
	40.78

	Average: 39.96
	Standard deviation: 0.979796

-> 35s
	40.38
	40.93
	40.23
	40.19
	40.34
	40.60
	40.50
	40.79
	40.33
	40.72
	40.77
	40.90
	40.27
	40.21
	40.59
	40.40
	40.81
	40.74
	40.33
	40.46
	40.10
	40.40
	39.97
	40.51
	40.41

	Average: 39.96
	Standard deviation: 0.979796

-> 36s
	40.35
	40.26
	41.16
	40.34
	40.67
	40.65
	40.67
	40.22
	40.64
	40.61
	40.76
	40.48
	40.52
	40.34
	40.18
	40.92
	40.61
	39.97
	41.34
	40.35
	40.67
	40.46
	40.59
	40.61
	40.41

	Average: 40.04
	Standard deviation: 0.34641

-> 37s
	41.06
	40.52
	40.46
	40.57
	40.54
	40.55
	40.71
	40.53
	40.45
	41.47
	40.66
	40.81
	40.85
	40.77
	40.56
	41.46
	40.40
	40.57
	40.52
	40.26
	40.26
	40.49
	40.54
	40.46
	40.69

	Average: 40.12
	Standard deviation: 0.34641

-> 38s
	40.53
	40.69
	40.53
	40.50
	39.83
	40.02
	40.59
	40.55
	40.12
	40.73
	40.59
	40.50
	40.63
	40.61
	40.58
	40.34
	40.25
	41.00
	40.57
	40.33
	40.63
	40.62
	40.34
	40.62
	40.51

	Average: 40
	Standard deviation: 0.282843

-> 39s
	40.44
	40.44
	40.51
	40.65
	40.49
	40.53
	40.52
	40.62
	40.25
	40.55
	40.25
	40.56
	40.95
	40.76
	40.35
	40.70
	40.50
	40.53
	40.82
	40.30
	40.84
	40.10
	40.18
	40.86
	40.28

	Average: 40
	Standard deviation: 0

-> 40s
	40.73
	40.34
	40.50
	40.85
	40.51
	40.49
	39.98
	39.97
	41.04
	40.43
	40.52
	40.46
	40.57
	40.81
	40.39
	40.70
	40.63
	40.64
	40.55
	40.57
	40.39
	40.12
	40.09
	41.03
	40.49

	Average: 40
	Standard deviation: 0.4

-> 41s
	39.80
	40.27
	40.69
	40.32
	40.56
	40.21
	40.45
	40.74
	40.38
	40.38
	40.89
	40.77
	40.42
	40.64
	40.50
	40.44
	40.13
	40.63
	40.58
	40.28
	40.36
	40.82
	39.88
	40.98
	40.74

	Average: 39.92
	Standard deviation: 0.959166

-> 42s
	40.52
	40.67
	40.39
	40.64
	40.43
	40.56
	40.58
	40.69
	40.45
	40.09
	40.35
	40.31
	40.81
	40.66
	40.62
	39.98
	40.06
	39.90
	40.23
	40.07
	40.58
	40.38
	40.39
	40.52
	40.83

	Average: 39.92
	Standard deviation: 0.959166

-> 43s
	40.42
	40.95
	40.38
	40.78
	40.46
	40.96
	41.34
	40.41
	40.50
	40.09
	41.33
	40.57
	40.19
	40.40
	40.12
	40.58
	40.61
	40.05
	40.92
	40.28
	40.60
	40.57
	40.24
	40.55
	40.90

	Average: 40.08
	Standard deviation: 0.282843

-> 44s
	40.35
	40.07
	40.26
	40.53
	40.53
	40.07
	40.49
	40.29
	40.09
	40.72
	40.04
	40.00
	40.67
	40.39
	40.66
	40.58
	40.49
	40.07
	39.97
	40.89
	40.53
	40.45
	40.48
	40.73
	40.60

	Average: 39.96
	Standard deviation: 0.979796

-> 45s
	40.44
	40.19
	40.62
	40.15
	40.58
	40.34
	40.35
	39.92
	40.09
	40.49
	40.83
	40.51
	40.47
	40.57
	40.68
	40.27
	39.98
	40.29
	40.47
	40.64
	40.62
	40.69
	40.45
	40.29
	40.66

	Average: 39.92
	Standard deviation: 0.959166

-> 46s
	40.56
	40.35
	40.56
	40.30
	41.02
	40.39
	40.49
	40.61
	40.45
	40.30
	41.00
	40.66
	40.66
	40.62
	40.42
	40.55
	40.61
	40.20
	40.65
	40.29
	40.60
	40.63
	40.13
	40.86
	40.37

	Average: 40.08
	Standard deviation: 0.282843

-> 47s
	40.34
	40.76
	40.40
	40.63
	41.54
	40.42
	40.67
	40.64
	41.32
	40.49
	40.49
	40.12
	40.08
	40.50
	40.37
	40.40
	40.74
	40.25
	40.79
	40.52
	40.52
	40.33
	40.67
	40.50
	40.56

	Average: 40.08
	Standard deviation: 0.282843

-> 48s
	40.60
	40.47
	40.42
	40.47
	40.84
	41.26
	40.48
	40.62
	40.68
	41.22
	40.61
	40.28
	40.02
	40.26
	40.51
	40.55
	40.54
	40.40
	40.37
	40.14
	40.59
	40.84
	40.64
	40.94
	40.75

	Average: 40.08
	Standard deviation: 0.282843

-> 49s
	40.80
	40.46
	40.84
	40.46
	40.43
	40.14
	40.11
	40.66
	40.54
	40.27
	40.56
	40.82
	40.73
	41.15
	40.67
	40.75
	40.36
	40.18
	40.32
	40.35
	40.46
	40.75
	40.55
	40.39
	40.25

	Average: 40.04
	Standard deviation: 0.2

-> 50s
	40.12
	40.57
	40.54
	40.56
	40.92
	40.25
	40.75
	40.38
	40.64
	40.58
	40.66
	40.44
	40.52
	40.52
	40.80
	40.55
	40.50
	40.28
	40.75
	40.68
	40.48
	40.36
	40.71
	40.76
	40.49

	Average: 40
	Standard deviation: 0

-> 51s
	40.47
	40.50
	40.80
	40.25
	40.48
	41.05
	40.52
	40.72
	40.31
	40.55
	40.96
	40.57
	39.93
	40.12
	40.17
	40.16
	40.41
	40.69
	40.46
	40.08
	41.04
	40.60
	40.21
	40.84
	40.05

	Average: 40.04
	Standard deviation: 0.34641

-> 52s
	40.38
	39.93
	40.22
	39.88
	41.10
	40.09
	40.19
	40.35
	40.55
	40.51
	40.59
	40.74
	40.64
	40.46
	40.44
	40.37
	40.36
	40.46
	40.71
	40.21
	40.44
	40.16
	40.50
	40.47
	40.57

	Average: 39.96
	Standard deviation: 1.0198

-> 53s
	40.75
	40.79
	41.41
	39.92
	40.45
	40.75
	40.41
	40.43
	40.67
	40.50
	40.72
	40.67
	39.92
	40.45
	40.27
	40.60
	40.85
	40.24
	40.55
	40.58
	40.75
	40.11
	40.63
	40.25
	40.31

	Average: 39.96
	Standard deviation: 1.0198

-> 54s
	40.07
	40.09
	39.98
	40.68
	39.99
	40.18
	40.49
	40.93
	40.69
	40.84
	40.50
	40.43
	40.44
	40.17
	40.22
	40.60
	40.76
	40.53
	40.51
	40.48
	40.39
	40.67
	39.95
	39.86
	40.37

	Average: 39.84
	Standard deviation: 0.916515

-> 55s
	40.61
	40.22
	40.66
	40.48
	40.34
	40.43
	40.48
	40.23
	40.93
	40.32
	40.42
	40.82
	40.36
	40.66
	40.51
	40.37
	40.48
	40.25
	40.87
	40.29
	40.52
	40.55
	40.48
	40.83
	39.76

	Average: 39.96
	Standard deviation: 0.979796

-> 56s
	40.25
	40.16
	40.75
	40.15
	40.52
	40.38
	40.29
	40.61
	40.36
	40.48
	40.79
	40.18
	40.71
	40.81
	40.44
	40.48
	40.68
	40.55
	40.79
	40.45
	40.19
	40.84
	40.49
	40.66
	40.42

	Average: 40
	Standard deviation: 0

-> 57s
	40.53
	40.65
	40.33
	40.38
	40.64
	40.58
	40.52
	40.80
	40.33
	40.48
	40.27
	40.00
	40.54
	40.70
	40.11
	40.33
	40.38
	40.76
	39.83
	39.60
	39.80
	40.29
	40.57
	40.24
	40.38

	Average: 39.88
	Standard deviation: 0.938083

-> 58s
	40.11
	40.31
	40.29
	39.88
	40.36
	40.10
	39.65
	40.20
	40.51
	41.28
	40.16
	41.22
	40.28
	41.03
	39.79
	40.75
	40.04
	40.09
	40.61
	40.47
	40.83
	40.55
	41.36
	40.93
	40.30

	Average: 40.04
	Standard deviation: 0.52915

-> 59s
	39.92
	41.18
	40.55
	40.40
	40.15
	40.33
	40.54
	40.49
	40.58
	40.42
	40.30
	40.13
	40.35
	40.52
	40.36
	40.73
	40.69
	40.41
	40.55
	41.48
	40.27
	40.51
	40.65
	40.80
	40.57

	Average: 40.04
	Standard deviation: 0.34641

-> 60s
	40.55
	39.86
	40.13
	40.71
	40.09
	40.04
	40.64
	40.95
	41.34
	40.15
	40.35
	40.51
	40.53
	39.90
	40.23
	40.59
	40.65
	40.59
	40.53
	40.44
	40.81
	40.51
	40.67
	41.18
	40.46

	Average: 40
	Standard deviation: 0.4

-> 61s
	40.76
	40.47
	40.43
	40.51
	40.01
	40.42
	40.48
	40.04
	41.11
	40.55
	41.33
	40.72
	41.29
	40.56
	40.39
	40.48
	40.67
	40.14
	40.33
	41.03
	40.13
	40.08
	40.00
	40.86
	40.14

	Average: 40.16
	Standard deviation: 0.4

-> 62s
	40.76
	40.46
	40.81
	40.72
	40.73
	40.42
	40.53
	40.57
	41.18
	41.00
	40.70
	40.16
	40.46
	40.40
	40.33
	40.66
	40.03
	40.36
	40.46
	40.76
	40.23
	40.46
	40.74
	40.65
	40.86

	Average: 40.08
	Standard deviation: 0.282843

-> 63s
	40.27
	40.44
	40.76
	40.37
	40.53
	40.89
	41.36
	40.65
	40.44
	40.15
	40.28
	40.43
	40.34
	40.73
	40.56
	40.85
	40.50
	40.35
	40.37
	40.11
	40.16
	41.08
	40.25
	40.75
	40.50

	Average: 40.08
	Standard deviation: 0.282843

-> 64s
	40.89
	40.03
	40.81
	40.42
	40.14
	40.52
	41.31
	40.62
	40.61
	40.22
	40.87
	40.79
	40.41
	40.66
	40.45
	40.38
	40.32
	40.66
	40.67
	40.67
	40.23
	40.47
	40.06
	40.33
	40.60

	Average: 40.04
	Standard deviation: 0.2

-> 65s
	40.48
	40.11
	41.07
	40.68
	41.50
	40.69
	39.88
	40.38
	40.34
	40.51
	40.44
	40.87
	41.33
	40.49
	40.75
	40.75
	40.64
	40.42
	41.48
	40.65
	40.57
	40.42
	40.61
	40.59
	40.55

	Average: 40.12
	Standard deviation: 0.447214

-> 66s
	40.47
	40.50
	40.66
	40.69
	40.77
	40.47
	40.53
	40.44
	40.92
	40.52
	40.59
	40.40
	40.69
	40.52
	40.75
	40.44
	40.64
	40.77
	40.99
	40.72
	40.41
	39.96
	40.40
	40.60
	39.92

	Average: 39.92
	Standard deviation: 0.959166

-> 67s
	41.10
	39.98
	40.37
	40.38
	40.47
	40.69
	40.56
	40.85
	40.36
	40.81
	40.53
	40.62
	40.42
	40.52
	40.20
	40.36
	40.61
	40.36
	40.71
	40.58
	40.69
	40.49
	40.57
	40.57
	40.73

	Average: 40
	Standard deviation: 0.282843

-> 68s
	40.52
	39.97
	41.21
	40.71
	40.40
	40.62
	40.28
	40.96
	40.57
	40.67
	39.89
	40.19
	40.52
	40.65
	40.51
	40.54
	40.55
	40.79
	40.14
	40.21
	40.09
	40.35
	40.10
	41.34
	40.21

	Average: 40
	Standard deviation: 0.4

-> 69s
	40.89
	40.36
	39.96
	40.41
	40.75
	40.66
	40.38
	40.74
	40.73
	40.55
	40.44
	40.46
	40.46
	40.52
	40.61
	40.63
	40.45
	40.71
	40.49
	40.32
	40.81
	40.69
	40.42
	41.34
	40.91

	Average: 40
	Standard deviation: 0.282843

-> 70s
	40.38
	40.88
	40.48
	40.48
	40.63
	40.65
	40.32
	40.44
	40.23
	40.31
	40.42
	40.70
	40.47
	40.65
	40.47
	40.28
	40.69
	39.92
	40.38
	40.37
	40.08
	40.66
	40.18
	40.60
	40.49

	Average: 39.96
	Standard deviation: 0.979796

-> 71s
	40.48
	40.73
	40.43
	40.40
	40.93
	40.41
	40.35
	40.19
	39.94
	40.31
	40.59
	40.31
	40.48
	41.00
	40.43
	40.57
	40.03
	40.22
	40.68
	40.38
	40.71
	40.76
	40.87
	41.46
	40.83

	Average: 40.04
	Standard deviation: 0.34641

-> 72s
	40.07
	40.67
	40.10
	40.36
	40.71
	40.99
	40.45
	40.44
	40.56
	40.39
	40.58
	40.75
	40.50
	40.68
	40.43
	40.32
	40.14
	40.69
	40.38
	40.59
	40.34
	40.59
	41.39
	40.40
	40.24

	Average: 40.04
	Standard deviation: 0.2

-> 73s
	40.96
	40.47
	40.15
	40.30
	40.59
	40.48
	40.43
	40.44
	40.71
	41.55
	40.12
	39.98
	40.63
	40.21
	40.30
	40.49
	40.32
	40.24
	40.27
	39.90
	40.23
	39.77
	40.90
	40.43
	40.28

	Average: 39.92
	Standard deviation: 1

-> 74s
	40.46
	40.43
	40.61
	40.67
	40.69
	40.62
	40.40
	40.74
	40.38
	40.82
	40.72
	40.32
	40.29
	40.38
	40.38
	40.65
	40.38
	40.65
	40.64
	40.61
	40.57
	40.63
	40.27
	40.72
	40.49

	Average: 40
	Standard deviation: 0

-> 75s
	40.67
	40.30
	40.47
	40.00
	41.01
	40.58
	40.71
	40.39
	40.53
	40.52
	40.89
	40.19
	40.45
	40.78
	40.13
	40.75
	40.80
	40.37
	40.56
	40.56
	40.32
	40.38
	40.14
	40.42
	40.90

	Average: 40.04
	Standard deviation: 0.2

-> 76s
	40.25
	39.91
	40.10
	39.99
	40.56
	40.45
	40.17
	40.39
	40.59
	40.40
	40.10
	40.79
	40.40
	40.64
	40.54
	40.20
	40.87
	40.64
	40.72
	40.38
	40.66
	40.22
	40.93
	40.60
	40.00

	Average: 39.92
	Standard deviation: 0.959166

-> 77s
	40.83
	39.99
	40.60
	40.16
	40.28
	40.45
	40.50
	40.37
	40.26
	40.22
	40.58
	40.61
	39.94
	40.56
	40.39
	40.00
	40.35
	40.56
	40.92
	40.55
	40.39
	40.37
	40.94
	40.52
	40.45

	Average: 39.92
	Standard deviation: 0.959166

-> 78s
	40.00
	40.50
	40.29
	40.50
	40.42
	40.75
	40.19
	40.55
	41.23
	40.59
	40.73
	40.32
	40.52
	40.50
	40.14
	40.25
	40.45
	40.45
	40.79
	40.33
	40.89
	40.48
	40.59
	40.90
	40.35

	Average: 40.04
	Standard deviation: 0.2

-> 79s
	40.31
	40.59
	40.52
	40.02
	40.24
	40.60
	40.71
	40.53
	40.69
	40.45
	40.69
	40.39
	40.80
	40.58
	40.41
	40.79
	40.21
	39.91
	40.36
	40.39
	41.04
	40.09
	41.09
	40.42
	40.70

	Average: 40.04
	Standard deviation: 0.34641

-> 80s
	40.70
	40.57
	40.48
	40.60
	40.53
	40.61
	40.78
	41.41
	40.45
	40.32
	40.50
	40.71
	40.36
	40.26
	41.01
	40.19
	40.12
	40.37
	41.31
	40.78
	40.57
	40.22
	40.28
	40.38
	40.63

	Average: 40.12
	Standard deviation: 0.34641

-> 81s
	40.61
	40.58
	40.35
	40.80
	40.73
	40.68
	40.06
	40.30
	40.23
	40.91
	40.21
	40.74
	40.73
	40.52
	40.65
	40.91
	40.59
	40.48
	40.64
	40.56
	40.45
	40.62
	39.79
	40.59
	40.38

	Average: 39.96
	Standard deviation: 0.979796

-> 82s
	40.41
	40.62
	40.72
	40.70
	40.42
	40.86
	40.04
	39.92
	40.86
	40.50
	40.62
	40.64
	40.39
	40.84
	40.23
	40.66
	40.07
	40.08
	40.75
	40.46
	40.15
	40.96
	40.64
	40.67
	40.79

	Average: 39.96
	Standard deviation: 0.979796

-> 83s
	40.40
	40.63
	40.59
	40.49
	40.46
	40.31
	39.96
	40.03
	40.19
	40.42
	40.57
	40.44
	40.42
	40.05
	40.03
	40.16
	40.18
	39.98
	40.61
	40.56
	40.06
	40.37
	40.44
	40.62
	39.91

	Average: 39.88
	Standard deviation: 0.938083

-> 84s
	40.36
	40.06
	40.19
	40.34
	40.02
	40.33
	40.08
	41.01
	40.28
	40.92
	40.70
	40.88
	40.29
	40.59
	40.75
	40.49
	40.39
	40.52
	40.57
	40.70
	40.54
	40.32
	40.33
	40.99
	40.44

	Average: 40.04
	Standard deviation: 0.2

-> 85s
	40.34
	39.81
	40.22
	40.13
	41.17
	40.56
	40.74
	40.40
	40.57
	40.38
	40.79
	40.52
	41.35
	40.61
	40.87
	40.61
	40.38
	40.69
	40.51
	40.21
	40.25
	40.45
	40.57
	40.43
	40.60

	Average: 40.04
	Standard deviation: 0.34641

-> 86s
	40.57
	40.45
	40.28
	40.66
	40.54
	40.45
	40.63
	40.36
	40.62
	40.73
	40.41
	40.48
	40.64
	40.66
	40.61
	40.50
	40.51
	40.33
	41.00
	40.53
	40.56
	40.56
	40.43
	40.16
	40.30

	Average: 40.04
	Standard deviation: 0.2

-> 87s
	40.40
	40.58
	41.35
	40.40
	40.43
	40.65
	40.67
	40.64
	39.93
	40.07
	40.82
	40.40
	40.66
	40.56
	40.67
	40.52
	40.73
	40.44
	40.90
	40.52
	40.42
	40.25
	40.40
	40.64
	39.84

	Average: 39.96
	Standard deviation: 1.0198

-> 88s
	40.51
	40.48
	40.37
	40.65
	40.40
	40.49
	41.02
	40.52
	40.30
	40.26
	40.97
	39.77
	40.56
	40.26
	40.87
	40.73
	39.98
	40.33
	40.60
	40.87
	40.41
	40.66
	40.45
	40.87
	40.32

	Average: 39.96
	Standard deviation: 1.0198

-> 89s
	40.65
	40.40
	40.71
	40.40
	40.99
	40.58
	41.39
	40.45
	40.55
	40.32
	40.92
	40.39
	40.52
	40.25
	41.02
	40.17
	40.64
	40.28
	40.76
	40.38
	40.56
	40.43
	40.82
	40.48
	40.00

	Average: 40.08
	Standard deviation: 0.282843

-> 90s
	41.16
	40.64
	40.19
	41.11
	40.81
	40.98
	40.36
	40.25
	40.07
	40.60
	40.22
	41.39
	40.21
	40.39
	40.51
	40.83
	40.34
	39.88
	40.51
	40.38
	40.13
	40.12
	40.01
	40.49
	40.07

	Average: 40.08
	Standard deviation: 0.4

-> 91s
	41.01
	40.63
	40.90
	40.18
	40.30
	40.42
	40.58
	41.00
	40.33
	40.66
	40.32
	40.75
	40.61
	40.46
	40.50
	40.64
	40.20
	40.84
	41.06
	39.96
	40.06
	40.50
	40.90
	40.83
	40.31

	Average: 40.08
	Standard deviation: 0.4

-> 92s
	40.32
	40.91
	40.52
	40.78
	40.22
	40.70
	40.46
	40.38
	40.54
	40.46
	40.76
	40.24
	40.61
	40.75
	40.37
	40.65
	40.72
	40.59
	40.67
	40.26
	40.84
	40.74
	40.64
	40.49
	40.51

	Average: 40
	Standard deviation: 0

-> 93s
	39.93
	40.17
	40.35
	40.12
	40.60
	40.86
	40.27
	40.51
	40.23
	39.81
	40.43
	40.80
	40.22
	40.49
	40.56
	40.64
	40.26
	41.02
	40.50
	40.20
	41.13
	40.58
	40.61
	40.83
	40.53

	Average: 40
	Standard deviation: 0.4

-> 94s
	40.47
	40.45
	40.57
	40.01
	40.93
	40.46
	40.14
	41.00
	40.40
	40.28
	40.74
	40.43
	40.61
	40.58
	40.79
	39.98
	40.38
	40.33
	40.81
	40.48
	40.68
	40.63
	40.59
	40.22
	40.49

	Average: 40
	Standard deviation: 0.282843

-> 95s
	40.99
	41.18
	40.95
	40.29
	40.79
	40.47
	40.71
	40.60
	40.40
	40.21
	41.02
	40.41
	40.50
	40.29
	40.53
	41.54
	40.70
	40.34
	40.41
	41.01
	40.24
	40.29
	40.09
	40.71
	40.35

	Average: 40.16
	Standard deviation: 0.4

-> 96s
	40.75
	40.72
	40.26
	40.87
	40.55
	40.13
	40.29
	40.19
	40.56
	40.63
	40.68
	40.35
	40.86
	40.63
	40.50
	40.53
	40.43
	40.54
	39.92
	40.24
	40.38
	40.48
	40.14
	40.21
	40.57

	Average: 39.96
	Standard deviation: 0.979796

-> 97s
	40.52
	40.77
	40.65
	40.44
	40.50
	40.54
	40.59
	40.32
	40.81
	40.77
	40.41
	40.51
	40.51
	40.66
	40.85
	40.48
	40.42
	40.65
	40.13
	40.49
	40.11
	40.63
	40.50
	40.71
	40.29

	Average: 40
	Standard deviation: 0

-> 98s
	40.41
	40.94
	40.55
	40.27
	40.42
	40.83
	40.58
	41.45
	40.49
	40.61
	40.58
	40.37
	40.97
	40.90
	40.42
	40.82
	40.57
	40.68
	41.27
	40.49
	40.57
	40.79
	40.31
	40.69
	40.55

	Average: 40.08
	Standard deviation: 0.282843

-> 99s
	40.46
	40.41
	40.49
	40.54
	39.95
	41.14
	40.70
	40.28
	40.78
	40.70
	40.48
	40.53
	40.59
	40.53
	40.47
	40.46
	40.72
	40.72
	40.33
	40.28
	40.58
	40.86
	40.53
	40.42
	40.59

	Average: 40
	Standard deviation: 0.282843

-> 100s
	39.85
	40.30
	40.77
	40.24
	40.50
	40.32
	40.19
	40.49
	40.63
	40.47
	40.71
	40.30
	40.70
	40.54
	40.64
	40.44
	40.70
	40.51
	40.63
	40.35
	40.51
	40.53
	40.64
	39.91
	40.19

	Average: 39.92
	Standard deviation: 0.959166

-> 101s
	40.80
	40.66
	40.40
	40.36
	40.99
	40.58
	40.62
	40.46
	40.67
	40.42
	40.61
	40.44
	40.54
	40.66
	40.56
	40.57
	40.23
	40.32
	40.73
	39.92
	40.95
	40.73
	40.52
	40.59
	40.63

	Average: 39.96
	Standard deviation: 0.979796

-> 102s
	40.40
	40.66
	39.98
	40.47
	40.43
	40.88
	40.19
	40.66
	40.44
	40.37
	40.71
	40.85
	41.45
	40.45
	40.63
	40.09
	40.06
	39.89
	39.98
	40.56
	40.06
	41.34
	40.47
	40.58
	40.46

	Average: 39.96
	Standard deviation: 1.0583

-> 103s
	40.08
	40.83
	40.30
	40.73
	40.55
	40.53
	40.56
	40.46
	40.62
	40.73
	40.38
	40.65
	40.48
	39.99
	41.00
	40.03
	41.17
	40.23
	40.88
	40.28
	40.50
	40.63
	40.58
	41.03
	40.06

	Average: 40.08
	Standard deviation: 0.4

-> 104s
	40.11
	40.14
	40.43
	40.56
	40.56
	40.46
	40.51
	40.62
	39.85
	40.34
	40.36
	40.85
	40.59
	40.32
	40.26
	40.57
	40.11
	40.39
	40.49
	40.90
	40.69
	40.24
	40.45
	40.60
	40.17

	Average: 39.96
	Standard deviation: 0.979796

-> 105s
	40.89
	40.35
	40.47
	40.07
	40.29
	40.43
	40.60
	40.71
	40.40
	40.53
	40.33
	40.67
	40.30
	40.10
	40.52
	40.65
	40.54
	40.65
	40.57
	40.44
	40.47
	40.64
	40.17
	41.13
	40.74

	Average: 40.04
	Standard deviation: 0.2

-> 106s
	40.53
	40.56
	39.92
	40.54
	40.81
	40.23
	39.73
	40.65
	40.23
	39.96
	40.33
	40.07
	40.21
	40.28
	40.53
	40.04
	40.36
	40.32
	40.22
	40.57
	40.44
	40.86
	40.37
	40.65
	40.60

	Average: 39.88
	Standard deviation: 0.938083

-> 107s
	39.98
	40.14
	40.08
	41.17
	40.18
	40.48
	40.50
	40.64
	41.01
	40.08
	40.58
	40.63
	40.41
	40.52
	40.38
	40.61
	39.95
	40.39
	41.28
	40.59
	40.64
	40.56
	40.29
	40.23
	40.76

	Average: 40.04
	Standard deviation: 0.447214

-> 108s
	39.98
	40.24
	40.72
	40.44
	40.56
	40.05
	40.21
	40.86
	40.57
	40.64
	40.43
	40.64
	40.53
	40.13
	40.05
	40.55
	40.76
	40.56
	40.58
	40.38
	40.18
	40.17
	40.32
	40.88
	39.78

	Average: 39.92
	Standard deviation: 0.959166

-> 109s
	41.39
	40.51
	40.60
	40.62
	40.48
	40.46
	40.52
	40.39
	40.82
	40.47
	40.40
	40.67
	40.38
	40.43
	40.93
	40.70
	40.00
	40.82
	40.62
	40.51
	40.62
	40.66
	39.89
	40.42
	40.07

	Average: 40
	Standard deviation: 0.282843

-> 110s
	40.28
	40.46
	40.54
	40.74
	40.72
	40.47
	40.53
	40.74
	40.29
	40.67
	40.55
	39.91
	40.54
	40.46
	40.65
	41.36
	40.27
	40.18
	39.81
	40.14
	40.18
	40.33
	40.67
	40.28
	40.33

	Average: 39.96
	Standard deviation: 1.0198

-> 111s
	40.37
	39.69
	40.28
	39.93
	39.89
	40.41
	40.46
	40.66
	40.80
	40.73
	40.53
	40.28
	40.13
	40.52
	40.46
	40.54
	40.46
	40.55
	40.60
	40.41
	40.74
	40.71
	40.41
	40.06
	40.15

	Average: 39.88
	Standard deviation: 0.938083

-> 112s
	40.58
	40.74
	40.14
	40.37
	40.29
	40.49
	40.58
	39.64
	40.44
	39.93
	40.37
	39.99
	41.10
	40.18
	40.35
	40.76
	40.72
	40.36
	40.62
	40.41
	40.19
	40.58
	40.24
	40.42
	39.97

	Average: 39.88
	Standard deviation: 0.979796

-> 113s
	40.48
	39.91
	40.45
	40.73
	40.43
	40.45
	40.58
	39.77
	40.63
	40.54
	40.09
	40.19
	40.34
	40.05
	40.48
	39.99
	41.07
	40.54
	40.86
	40.38
	40.49
	39.93
	40.10
	40.53
	40.45

	Average: 39.88
	Standard deviation: 0.979796

-> 114s
	40.69
	40.47
	40.18
	40.13
	40.67
	40.19
	40.78
	40.59
	40.56
	40.47
	40.48
	40.39
	40.03
	40.53
	40.66
	40.17
	40.15
	40.45
	40.39
	40.77
	40.66
	40.59
	40.21
	39.96
	39.99

	Average: 39.92
	Standard deviation: 0.959166

-> 115s
	40.05
	40.80
	40.60
	39.86
	40.28
	40.61
	40.50
	39.88
	40.73
	40.40
	40.47
	40.40
	40.41
	40.46
	40.89
	40.45
	40.64
	40.99
	40.36
	40.80
	40.06
	40.05
	40.77
	40.89
	40.33

	Average: 39.92
	Standard deviation: 0.959166

-> 116s
	40.47
	40.78
	40.38
	40.42
	40.46
	40.58
	40.79
	40.14
	40.91
	39.81
	40.13
	40.83
	40.77
	40.35
	40.56
	40.47
	40.67
	40.43
	40.64
	40.41
	40.30
	40.07
	40.29
	40.67
	40.53

	Average: 39.96
	Standard deviation: 0.979796

-> 117s
	40.64
	40.73
	40.61
	40.59
	40.44
	40.28
	40.56
	40.70
	40.18
	40.18
	40.54
	40.69
	39.98
	40.33
	40.49
	40.65
	40.59
	40.44
	40.54
	39.94
	40.18
	40.56
	40.49
	40.03
	40.20

	Average: 39.92
	Standard deviation: 0.959166

-> 118s
	40.79
	41.41
	41.06
	40.84
	40.54
	40.19
	41.10
	40.51
	40.17
	40.82
	40.64
	40.68
	40.36
	40.73
	40.45
	40.25
	40.91
	40.55
	40.73
	40.59
	40.28
	40.61
	40.04
	40.97
	39.87

	Average: 40.08
	Standard deviation: 0.4

-> 119s
	40.25
	40.58
	40.83
	40.42
	40.27
	41.02
	40.45
	40.53
	40.35
	40.64
	40.55
	40.59
	40.19
	40.84
	40.67
	40.63
	40.60
	40.38
	40.29
	40.16
	40.39
	40.49
	40.87
	40.08
	40.48

	Average: 40.04
	Standard deviation: 0.2

-> 120s
	40.63
	40.64
	40.55
	40.42
	40.87
	40.55
	40.57
	40.52
	40.53
	40.53
	40.62
	40.48
	39.99
	40.24
	40.85
	41.14
	40.43
	40.33
	40.63
	40.71
	40.34
	39.93
	40.21
	40.80
	40.95

	Average: 39.96
	Standard deviation: 1.0198

-> 121s
	40.47
	40.50
	40.73
	39.88
	40.34
	40.48
	40.67
	40.79
	40.46
	40.62
	40.46
	40.72
	40.35
	40.81
	40.63
	40.50
	40.84
	40.31
	40.63
	40.73
	40.29
	40.34
	39.96
	41.24
	40.47

	Average: 39.96
	Standard deviation: 1.0198

-> 122s
	40.66
	40.54
	40.42
	40.49
	40.27
	40.01
	39.90
	40.22
	39.92
	41.03
	40.50
	40.38
	40.53
	40.73
	40.41
	40.20
	40.35
	40.62
	40.86
	40.56
	39.98
	40.26
	39.81
	40.28
	40.76

	Average: 39.88
	Standard deviation: 0.979796

-> 123s
	40.71
	40.56
	40.48
	40.47
	40.71
	40.16
	41.09
	40.44
	40.80
	40.49
	40.53
	40.76
	41.21
	40.08
	40.40
	40.54
	40.20
	40.61
	40.78
	40.12
	40.91
	40.36
	40.72
	39.94
	40.34

	Average: 40.04
	Standard deviation: 0.34641

-> 124s
	40.47
	40.11
	40.32
	40.57
	40.48
	40.80
	40.41
	40.52
	41.18
	40.51
	40.81
	40.14
	40.99
	40.72
	40.41
	40.74
	40.40
	40.72
	40.38
	41.01
	40.40
	40.65
	40.45
	40.67
	40.55

	Average: 40.08
	Standard deviation: 0.282843

-> 125s
	40.46
	40.58
	40.85
	40.52
	40.65
	40.38
	40.80
	40.54
	40.70
	40.39
	39.90
	40.37
	40.56
	40.48
	40.25
	40.90
	40.78
	40.30
	40.77
	40.62
	40.91
	40.27
	39.86
	40.19
	40.38

	Average: 39.92
	Standard deviation: 0.959166

-> 126s
	39.87
	40.42
	40.28
	40.52
	40.69
	40.49
	40.54
	40.49
	40.65
	40.41
	40.56
	40.79
	40.33
	40.04
	40.38
	40.73
	40.64
	41.24
	40.44
	40.23
	40.32
	40.61
	40.60
	40.47
	40.65

	Average: 40
	Standard deviation: 0.282843

-> 127s
	40.59
	40.20
	41.15
	40.19
	40.62
	40.68
	40.60
	40.65
	40.51
	40.70
	40.45
	40.40
	39.89
	40.62
	40.39
	40.03
	40.31
	40.60
	40.37
	40.91
	40.55
	40.46
	40.66
	40.60
	40.87

	Average: 40
	Standard deviation: 0.282843

-> 128s
	40.44
	40.50
	40.58
	40.62
	40.86
	40.07
	40.29
	40.43
	40.78
	39.94
	40.31
	40.06
	40.84
	40.82
	40.48
	40.27
	40.74
	40.44
	40.62
	40.78
	41.01
	40.77
	40.59
	40.72
	40.53

	Average: 40
	Standard deviation: 0.282843

-> 129s
	40.04
	40.48
	41.21
	40.42
	40.92
	40.46
	40.57
	40.47
	40.39
	40.58
	40.28
	40.35
	40.32
	40.57
	40.40
	40.11
	40.52
	40.32
	40.77
	40.63
	40.47
	40.74
	40.45
	40.60
	40.72

	Average: 40.04
	Standard deviation: 0.2

-> 130s
	40.39
	40.16
	41.08
	40.85
	40.60
	40.49
	40.41
	40.75
	40.57
	40.72
	40.47
	41.09
	40.04
	40.29
	40.42
	40.60
	40.60
	40.36
	40.68
	40.46
	40.81
	40.59
	40.78
	40.59
	40.47

	Average: 40.08
	Standard deviation: 0.282843

-> 131s
	40.26
	40.85
	40.08
	41.04
	40.43
	40.57
	40.70
	41.21
	40.68
	40.67
	40.34
	40.12
	40.06
	40.41
	40.83
	40.61
	40.55
	40.46
	40.43
	40.45
	40.17
	40.68
	39.99
	40.45
	40.46

	Average: 40.04
	Standard deviation: 0.34641

-> 132s
	40.14
	40.43
	40.55
	40.06
	40.18
	40.26
	39.93
	40.64
	40.53
	39.80
	40.30
	40.61
	40.85
	40.52
	40.54
	40.60
	40.65
	40.66
	40.19
	40.20
	40.23
	40.10
	40.42
	40.24
	40.28

	Average: 39.92
	Standard deviation: 0.959166

-> 133s
	40.11
	40.14
	40.32
	40.38
	40.48
	40.13
	40.51
	40.46
	40.41
	40.33
	40.57
	40.72
	40.61
	40.59
	40.43
	40.76
	40.64
	40.41
	41.36
	40.59
	39.87
	40.50
	40.53
	40.61
	40.64

	Average: 40
	Standard deviation: 0.282843

-> 134s
	40.48
	40.51
	40.78
	40.40
	40.71
	40.57
	41.54
	40.47
	40.46
	40.28
	40.07
	40.35
	40.66
	40.27
	40.64
	40.35
	40.32
	40.14
	40.62
	40.48
	40.99
	40.34
	40.34
	40.02
	40.58

	Average: 40.04
	Standard deviation: 0.2

-> 135s
	40.88
	40.79
	40.46
	40.66
	40.60
	40.39
	40.83
	41.31
	40.27
	40.55
	40.27
	41.27
	40.60
	40.17
	40.05
	39.87
	40.48
	40.26
	40.86
	40.60
	40.63
	40.49
	40.30
	40.93
	40.66

	Average: 40.04
	Standard deviation: 0.34641

-> 136s
	40.49
	40.60
	41.05
	40.42
	40.87
	40.66
	40.36
	40.12
	40.34
	40.58
	40.37
	40.68
	40.73
	40.58
	40.73
	40.49
	40.61
	40.55
	40.46
	40.45
	40.71
	40.31
	40.70
	40.41
	40.78

	Average: 40.04
	Standard deviation: 0.2

-> 137s
	40.46
	40.46
	40.94
	39.92
	40.91
	40.72
	40.32
	40.17
	40.28
	40.87
	40.34
	40.60
	40.26
	40.82
	40.38
	40.56
	40.38
	40.81
	40.21
	41.41
	40.75
	40.63
	40.35
	40.29
	40.88

	Average: 40
	Standard deviation: 0.282843

-> 138s
	40.47
	40.75
	40.43
	40.49
	40.36
	40.54
	40.67
	40.82
	40.44
	40.78
	40.54
	40.85
	40.38
	40.48
	40.54
	40.62
	40.73
	40.51
	40.39
	40.39
	40.74
	40.50
	40.60
	40.61
	40.67

	Average: 40
	Standard deviation: 0

-> 139s
	40.71
	40.08
	40.90
	40.50
	40.63
	40.61
	40.49
	39.95
	40.39
	40.44
	40.43
	40.66
	40.55
	40.44
	40.15
	40.44
	41.36
	40.37
	40.29
	40.59
	40.43
	40.69
	39.98
	40.43
	40.54

	Average: 39.96
	Standard deviation: 1.0198

-> 140s
	40.32
	40.64
	40.50
	39.99
	39.91
	40.66
	40.74
	40.69
	40.60
	40.72
	40.21
	40.25
	40.51
	40.57
	40.34
	40.57
	40.45
	40.73
	40.46
	40.68
	40.07
	40.45
	40.65
	40.43
	40.75

	Average: 39.92
	Standard deviation: 0.959166

-> 141s
	40.27
	40.60
	40.70
	40.32
	40.83
	40.33
	40.51
	40.35
	40.02
	40.53
	40.75
	40.21
	40.24
	40.09
	40.35
	40.67
	40.65
	40.20
	40.18
	40.09
	40.01
	40.41
	40.21
	40.95
	40.67

	Average: 40
	Standard deviation: 0

-> 142s
	40.12
	40.16
	40.74
	40.94
	40.21
	40.21
	41.00
	41.05
	40.49
	40.77
	39.92
	40.02
	40.91
	40.54
	39.99
	40.84
	40.69
	40.05
	40.21
	40.75
	40.77
	40.55
	39.99
	40.42
	40.26

	Average: 39.96
	Standard deviation: 1.0583

-> 143s
	40.77
	40.47
	40.44
	40.53
	40.46
	40.04
	40.16
	40.64
	40.64
	40.18
	40.28
	40.31
	40.57
	40.49
	40.60
	40.53
	40.58
	40.80
	40.44
	40.54
	40.77
	41.45
	40.34
	40.41
	40.67

	Average: 40.04
	Standard deviation: 0.2

-> 144s
	40.73
	40.38
	40.53
	40.49
	39.99
	40.48
	41.51
	39.97
	40.17
	40.55
	40.68
	40.58
	40.40
	40.60
	40.54
	40.07
	40.19
	40.38
	40.70
	40.56
	40.67
	40.50
	40.34
	40.64
	40.49

	Average: 39.96
	Standard deviation: 1.0198

-> 145s
	40.58
	40.34
	40.38
	40.50
	40.65
	40.30
	40.65
	40.51
	40.59
	39.94
	41.02
	40.27
	40.21
	40.68
	40.39
	40.40
	40.34
	40.84
	40.92
	40.50
	40.65
	40.51
	40.31
	40.29
	40.51

	Average: 40
	Standard deviation: 0.282843

-> 146s
	40.66
	40.25
	41.19
	40.36
	40.16
	40.69
	40.61
	40.56
	40.76
	40.44
	40.11
	40.46
	40.52
	40.94
	40.06
	40.79
	40.47
	41.50
	40.59
	40.90
	40.34
	40.48
	40.68
	40.66
	40.51

	Average: 40.08
	Standard deviation: 0.282843

-> 147s
	41.20
	40.49
	40.86
	40.46
	40.41
	40.66
	40.55
	40.68
	40.72
	40.49
	41.37
	40.57
	40.63
	40.60
	40.64
	40.32
	40.44
	40.65
	40.50
	40.46
	40.05
	41.06
	40.85
	40.34
	40.26

	Average: 40.12
	Standard deviation: 0.34641

-> 148s
	40.94
	40.68
	40.46
	40.58
	40.45
	40.95
	41.31
	40.31
	40.89
	40.52
	40.49
	40.66
	40.37
	40.37
	40.22
	40.45
	40.29
	40.41
	40.92
	40.42
	40.49
	40.82
	40.57
	40.49
	40.12

	Average: 40.04
	Standard deviation: 0.2

-> 149s
	40.70
	40.25
	40.37
	40.72
	40.82
	40.54
	40.80
	40.52
	40.63
	40.30
	40.65
	40.70
	40.65
	40.48
	40.56
	40.10
	41.01
	40.56
	40.58
	40.54
	40.31
	40.32
	40.18
	40.51
	40.49

	Average: 40.04
	Standard deviation: 0.2

-> 150s
	40.45
	40.68
	40.64
	40.33
	40.53
	40.56
	40.58
	40.74
	40.51
	40.57
	40.63
	40.67
	40.25
	40.68
	40.36
	40.98
	40.44
	40.63
	40.72
	41.38
	40.51
	40.45
	40.16
	40.40
	40.42

	Average: 40.04
	Standard deviation: 0.2

-> 151s
	39.96
	40.95
	40.80
	40.47
	40.11
	40.14
	40.09
	39.94
	40.72
	40.47
	40.54
	39.99
	39.99
	40.28
	40.34
	40.82
	39.73
	40.99
	40.44
	39.90
	40.29
	40.14
	40.34
	40.46
	40.21

	Average: 39.76
	Standard deviation: 0.87178

-> 152s
	40.50
	40.84
	40.20
	40.71
	40.24
	40.57
	40.68
	40.28
	40.03
	40.72
	40.31
	40.64
	40.40
	40.25
	40.86
	40.42
	40.45
	40.44
	40.70
	40.75
	40.33
	40.40
	40.30
	40.87
	40.48

	Average: 40
	Standard deviation: 0

-> 153s
	40.48
	40.19
	40.38
	40.24
	40.61
	40.70
	40.46
	40.42
	40.57
	40.28
	40.15
	40.55
	40.70
	40.53
	40.72
	40.59
	40.73
	40.51
	40.58
	41.32
	40.82
	40.50
	40.74
	39.94
	40.18

	Average: 40
	Standard deviation: 0.282843

-> 154s
	40.34
	40.80
	40.48
	40.68
	40.46
	40.93
	40.28
	40.68
	40.85
	40.19
	40.71
	40.64
	40.48
	40.29
	40.48
	40.17
	40.10
	40.63
	40.58
	40.63
	40.47
	40.14
	40.22
	40.51
	40.51

	Average: 40
	Standard deviation: 0

-> 155s
	40.38
	40.56
	40.79
	40.62
	40.21
	40.69
	40.60
	40.56
	40.84
	39.86
	39.70
	40.35
	40.49
	40.35
	40.49
	40.30
	40.00
	40.58
	40.14
	40.53
	40.76
	40.56
	40.36
	40.87
	40.50

	Average: 39.92
	Standard deviation: 0.959166

-> 156s
	40.71
	40.15
	40.30
	40.73
	40.40
	40.70
	40.55
	40.34
	40.41
	40.79
	40.97
	40.24
	40.06
	40.42
	40.50
	40.48
	40.50
	40.28
	39.92
	41.16
	41.09
	39.99
	39.93
	40.24
	40.49

	Average: 39.96
	Standard deviation: 1.0583

-> 157s
	40.23
	41.11
	40.37
	40.90
	40.28
	40.77
	41.01
	40.81
	40.77
	40.45
	40.29
	40.69
	40.00
	40.38
	40.48
	39.95
	40.59
	39.97
	40.13
	40.85
	40.16
	40.55
	40.55
	40.93
	40.24

	Average: 40
	Standard deviation: 0.4

-> 158s
	40.97
	40.53
	40.50
	40.67
	40.18
	40.26
	40.41
	40.57
	40.71
	40.47
	40.66
	39.92
	40.24
	40.36
	40.63
	40.63
	40.38
	40.56
	40.01
	40.32
	41.30
	40.49
	40.50
	40.97
	41.45

	Average: 40.04
	Standard deviation: 0.34641

-> 159s
	40.55
	40.79
	40.38
	40.44
	40.49
	40.89
	40.34
	40.73
	40.56
	39.86
	40.48
	40.53
	40.71
	40.43
	39.96
	40.10
	40.64
	40.01
	41.30
	39.90
	40.29
	40.90
	40.34
	40.01
	40.25

	Average: 39.92
	Standard deviation: 1

-> 160s
	40.89
	40.40
	39.76
	40.20
	40.64
	40.70
	40.35
	40.88
	40.32
	40.68
	40.64
	40.79
	41.16
	40.29
	40.22
	40.67
	40.43
	40.15
	40.67
	40.72
	40.72
	40.37
	40.56
	40.53
	40.36

	Average: 40
	Standard deviation: 0.282843

-> 161s
	40.18
	40.45
	40.37
	40.63
	40.48
	40.09
	40.32
	40.08
	40.15
	40.94
	40.72
	40.34
	40.29
	40.19
	40.42
	40.45
	40.36
	40.86
	40.24
	40.48
	40.79
	40.20
	40.19
	40.32
	40.21

	Average: 40
	Standard deviation: 0

-> 162s
	40.59
	40.60
	39.95
	40.49
	40.54
	40.59
	40.47
	40.05
	41.00
	40.71
	40.43
	40.29
	40.27
	39.99
	40.46
	40.77
	40.45
	40.47
	40.88
	40.58
	40.34
	40.65
	40.67
	40.25
	40.56

	Average: 39.96
	Standard deviation: 1.0198

-> 163s
	40.56
	40.57
	40.61
	40.29
	40.62
	40.46
	40.40
	40.56
	39.94
	40.57
	40.31
	40.90
	40.16
	40.24
	40.30
	40.77
	40.39
	40.74
	40.27
	40.46
	40.45
	40.68
	40.44
	40.86
	40.34

	Average: 39.96
	Standard deviation: 0.979796

-> 164s
	40.47
	40.50
	41.43
	40.21
	40.04
	40.53
	40.82
	40.50
	40.42
	40.68
	40.30
	40.53
	40.62
	40.48
	40.69
	40.50
	40.18
	40.93
	40.04
	40.57
	40.80
	40.55
	40.79
	40.59
	40.61

	Average: 40.04
	Standard deviation: 0.2

-> 165s
	40.80
	40.36
	40.85
	40.46
	40.26
	40.89
	40.75
	40.95
	41.23
	40.46
	40.78
	40.33
	40.81
	40.00
	40.31
	40.45
	40.72
	40.81
	40.43
	40.59
	40.38
	40.58
	40.59
	40.34
	40.97

	Average: 40.04
	Standard deviation: 0.2

-> 166s
	40.41
	40.79
	40.65
	40.43
	40.88
	40.65
	40.29
	40.72
	40.48
	40.66
	40.53
	40.73
	41.19
	40.09
	40.25
	40.20
	39.96
	39.96
	40.21
	41.24
	40.29
	40.83
	40.36
	40.09
	39.87

	Average: 39.96
	Standard deviation: 1.0583

-> 167s
	40.24
	40.40
	40.75
	40.63
	40.69
	40.42
	40.40
	40.76
	40.54
	40.75
	40.55
	40.38
	40.25
	40.91
	40.57
	40.42
	40.92
	41.15
	40.69
	40.65
	40.44
	40.42
	40.82
	40.38
	40.59

	Average: 40.04
	Standard deviation: 0.2

-> 168s
	40.41
	40.61
	40.70
	40.39
	40.35
	40.66
	40.64
	40.79
	40.19
	40.86
	40.46
	40.27
	39.96
	40.48
	40.42
	40.34
	40.24
	40.84
	40.57
	40.43
	40.16
	40.19
	40.30
	40.67
	40.59

	Average: 39.96
	Standard deviation: 0.979796

-> 169s
	40.69
	41.14
	40.48
	40.73
	40.56
	40.57
	40.75
	40.50
	40.72
	41.13
	41.08
	40.68
	39.87
	41.16
	40.71
	40.64
	40.60
	40.31
	40.78
	40.62
	40.36
	40.46
	40.42
	40.73
	40.48

	Average: 40.12
	Standard deviation: 0.447214

-> 170s
	40.28
	40.84
	40.06
	40.22
	40.16
	40.92
	40.78
	40.47
	40.52
	40.83
	40.52
	40.16
	40.71
	40.48
	40.50
	41.08
	40.85
	40.12
	40.37
	40.55
	40.64
	40.37
	40.76
	40.62
	40.27

	Average: 40.04
	Standard deviation: 0.2

-> 171s
	40.21
	40.40
	40.11
	40.34
	40.45
	40.89
	40.48
	39.77
	40.99
	40.06
	40.56
	40.24
	40.14
	41.04
	40.77
	40.55
	40.73
	40.55
	40.84
	40.43
	40.15
	40.12
	40.38
	40.62
	40.85

	Average: 40
	Standard deviation: 0.282843

-> 172s
	40.32
	40.31
	41.08
	40.49
	40.52
	40.30
	40.42
	40.17
	40.43
	40.31
	40.85
	40.52
	40.42
	40.63
	40.59
	40.90
	40.36
	40.54
	40.28
	40.52
	40.96
	40.55
	40.73
	40.60
	40.51

	Average: 40.04
	Standard deviation: 0.2

-> 173s
	40.58
	40.73
	40.73
	40.41
	40.64
	40.45
	40.74
	40.77
	40.37
	40.18
	40.50
	40.28
	40.14
	40.42
	40.21
	40.24
	40.33
	40.73
	40.57
	40.33
	40.57
	40.99
	40.46
	40.23
	40.72

	Average: 40
	Standard deviation: 0

-> 174s
	40.58
	40.39
	40.66
	40.52
	40.65
	40.69
	40.72
	40.42
	40.22
	40.20
	40.10
	41.06
	40.41
	40.47
	40.87
	40.30
	40.68
	40.50
	40.43
	40.27
	40.30
	40.48
	40.39
	40.54
	40.08

	Average: 40.04
	Standard deviation: 0.2

-> 175s
	40.58
	40.19
	40.21
	40.17
	40.65
	40.64
	40.76
	41.09
	40.76
	40.68
	40.72
	40.45
	40.40
	40.28
	40.17
	40.54
	40.44
	40.81
	40.81
	40.32
	40.47
	40.49
	40.61
	40.55
	40.53

	Average: 40.04
	Standard deviation: 0.2

-> 176s
	40.48
	40.59
	40.05
	40.66
	40.90
	41.32
	40.51
	40.46
	40.56
	40.34
	40.53
	40.70
	40.44
	40.65
	40.76
	40.41
	41.29
	40.72
	40.67
	40.63
	40.15
	40.15
	40.36
	40.56
	41.64

	Average: 40.12
	Standard deviation: 0.34641

-> 177s
	40.45
	40.55
	40.58
	40.85
	40.55
	40.62
	40.24
	40.77
	40.06
	40.87
	40.41
	40.74
	40.97
	40.63
	40.34
	40.36
	40.48
	40.63
	40.69
	40.43
	40.81
	40.49
	40.67
	40.71
	40.33

	Average: 40
	Standard deviation: 0

-> 178s
	40.62
	40.70
	40.66
	40.87
	40.58
	39.95
	40.87
	40.34
	40.27
	40.61
	41.14
	40.53
	40.75
	40.54
	40.53
	40.47
	40.55
	40.27
	40.91
	40.75
	40.54
	40.71
	40.50
	40.56
	40.44

	Average: 40
	Standard deviation: 0.282843

-> 179s
	40.52
	40.06
	40.84
	40.68
	40.54
	40.62
	40.69
	40.37
	40.16
	40.18
	40.25
	40.62
	40.94
	40.13
	40.82
	40.28
	40.86
	40.46
	40.55
	40.46
	40.82
	40.53
	40.57
	40.54
	40.52

	Average: 40
	Standard deviation: 0

-> 180s
	40.51
	40.58
	40.66
	40.71
	40.27
	40.60
	40.48
	40.66
	40.56
	40.40
	40.53
	40.42
	40.77
	39.94
	40.46
	40.59
	39.94
	40.12
	40.17
	40.41
	40.26
	40.01
	40.62
	40.61
	40.27

	Average: 39.92
	Standard deviation: 0.959166

-> 181s
	40.85
	40.27
	40.11
	40.17
	40.91
	40.27
	40.41
	40.44
	40.05
	40.56
	40.64
	40.60
	40.52
	40.60
	40.53
	40.59
	41.33
	40.34
	40.63
	40.79
	41.11
	40.28
	40.51
	40.19
	40.31

	Average: 40.08
	Standard deviation: 0.282843

-> 182s
	40.77
	40.29
	41.05
	40.35
	40.53
	40.71
	40.15
	40.45
	40.50
	40.81
	40.39
	40.60
	40.70
	40.54
	40.19
	40.81
	40.55
	40.43
	40.87
	40.56
	40.56
	40.52
	40.33
	40.32
	39.98

	Average: 40
	Standard deviation: 0.282843

-> 183s
	40.87
	40.47
	40.65
	40.64
	40.47
	40.64
	40.87
	40.27
	40.66
	40.58
	40.52
	40.42
	40.57
	40.54
	40.38
	40.50
	40.65
	40.88
	40.51
	40.51
	40.73
	40.63
	40.55
	40.28
	39.87

	Average: 39.96
	Standard deviation: 0.979796

-> 184s
	40.72
	40.31
	40.41
	40.16
	40.12
	40.10
	40.26
	40.54
	40.61
	40.61
	40.59
	40.64
	40.10
	40.35
	40.94
	40.42
	40.33
	40.67
	40.71
	40.56
	40.62
	40.26
	40.77
	40.60
	40.63

	Average: 40
	Standard deviation: 0

-> 185s
	40.65
	40.79
	40.41
	40.55
	40.57
	40.84
	40.41
	40.78
	40.76
	41.01
	40.64
	40.14
	40.77
	40.74
	40.43
	40.50
	40.08
	40.21
	40.44
	40.51
	40.55
	40.68
	40.39
	40.79
	40.52

	Average: 40.04
	Standard deviation: 0.2

-> 186s
	40.11
	40.27
	40.35
	40.27
	39.92
	40.51
	40.48
	40.92
	40.29
	41.33
	40.35
	40.76
	40.64
	40.44
	40.73
	40.39
	40.45
	40.55
	40.63
	40.81
	40.46
	40.46
	40.44
	40.98
	40.61

	Average: 40
	Standard deviation: 0.282843

-> 187s
	40.43
	40.39
	40.79
	40.25
	40.55
	40.78
	40.55
	40.66
	40.55
	40.82
	40.10
	40.58
	40.41
	40.41
	39.96
	40.25
	41.57
	40.28
	40.41
	40.77
	40.65
	40.53
	40.40
	40.54
	40.46

	Average: 40
	Standard deviation: 0.282843

-> 188s
	40.01
	40.45
	40.38
	40.48
	40.54
	40.51
	40.75
	40.30
	40.83
	40.24
	40.71
	40.09
	41.00
	40.41
	40.61
	40.74
	40.31
	40.59
	40.76
	40.47
	40.02
	40.98
	40.47
	40.26
	40.81

	Average: 40.04
	Standard deviation: 0.2

-> 189s
	40.51
	40.53
	40.55
	40.84
	40.51
	40.39
	40.60
	40.83
	40.39
	40.55
	40.57
	40.34
	40.82
	40.49
	40.84
	40.14
	40.71
	40.30
	40.71
	40.75
	40.53
	40.44
	40.40
	40.74
	40.56

	Average: 40
	Standard deviation: 0

-> 190s
	40.36
	40.53
	40.48
	40.40
	40.34
	40.85
	40.74
	40.30
	40.27
	40.71
	40.51
	40.07
	40.24
	39.96
	40.33
	40.34
	40.59
	40.04
	40.03
	40.78
	39.99
	40.34
	40.65
	41.40
	39.90

	Average: 39.92
	Standard deviation: 1

-> 191s
	40.23
	39.98
	40.19
	40.67
	40.45
	40.22
	40.27
	40.59
	40.38
	40.83
	40.53
	40.56
	40.89
	40.48
	40.49
	40.88
	40.36
	40.23
	40.48
	40.88
	40.66
	40.38
	39.92
	40.13
	40.59

	Average: 39.92
	Standard deviation: 0.959166

-> 192s
	40.79
	40.65
	40.66
	39.91
	40.79
	40.48
	40.61
	40.47
	40.07
	40.10
	40.48
	40.44
	40.00
	40.46
	40.52
	40.65
	41.38
	40.53
	40.08
	41.28
	39.80
	40.31
	40.21
	40.76
	41.41

	Average: 40.04
	Standard deviation: 0.447214

-> 193s
	40.99
	40.74
	40.98
	40.64
	40.97
	40.33
	40.63
	40.36
	40.47
	40.63
	40.56
	40.42
	40.75
	40.13
	40.01
	40.06
	40.93
	40.71
	40.32
	40.99
	40.51
	40.39
	40.36
	40.75
	40.86

	Average: 40
	Standard deviation: 0

-> 194s
	41.37
	40.42
	40.50
	40.62
	40.24
	40.09
	40.35
	40.38
	40.42
	40.51
	40.37
	40.52
	40.45
	40.57
	40.06
	40.44
	40.17
	40.41
	40.55
	40.51
	40.13
	41.03
	40.48
	40.50
	40.39

	Average: 40.08
	Standard deviation: 0.282843

-> 195s
	40.53
	40.48
	40.53
	40.55
	40.81
	40.39
	40.75
	40.62
	40.12
	40.84
	40.57
	40.92
	40.34
	40.68
	40.38
	40.57
	40.39
	40.67
	40.77
	40.27
	40.45
	40.39
	40.20
	39.96
	40.34

	Average: 39.96
	Standard deviation: 0.979796

-> 196s
	40.16
	40.24
	40.21
	40.26
	39.99
	40.54
	40.45
	40.10
	40.85
	40.61
	40.19
	40.85
	40.36
	40.70
	40.70
	41.31
	40.52
	40.58
	40.37
	40.71
	40.43
	40.59
	40.73
	40.44
	40.38

	Average: 40
	Standard deviation: 0.282843

-> 197s
	40.82
	40.37
	40.73
	40.72
	41.51
	40.69
	40.52
	40.26
	40.59
	40.64
	40.64
	40.42
	40.26
	40.96
	40.61
	40.46
	40.39
	40.51
	40.63
	40.44
	41.77
	40.50
	40.45
	40.12
	40.83

	Average: 40.08
	Standard deviation: 0.282843

-> 198s
	40.26
	40.47
	40.31
	40.59
	40.55
	40.26
	40.20
	40.33
	40.65
	40.42
	40.48
	40.49
	40.35
	40.56
	40.30
	40.14
	40.77
	40.66
	40.00
	40.82
	40.48
	40.56
	40.58
	40.59
	40.25

	Average: 40
	Standard deviation: 0

-> 199s
	40.89
	40.05
	40.67
	40.85
	40.76
	41.21
	40.58
	40.43
	40.75
	40.15
	41.07
	40.84
	40.52
	40.45
	39.95
	40.93
	40.18
	40.23
	40.42
	40.34
	40.87
	40.00
	41.27
	40.78
	40.44

	Average: 40.08
	Standard deviation: 0.4

-> 200s
	40.68
	40.46
	39.95
	41.01
	40.16
	40.08
	40.07
	40.03
	40.44
	40.56
	39.78
	40.32
	40.75
	40.00
	40.09
	40.29
	40.88
	40.62
	40.07
	40.43
	41.04
	40.55
	40.33
	40.41
	40.27

	Average: 40
	Standard deviation: 0.4

-> 201s
	40.91
	40.38
	40.39
	40.04
	41.36
	40.34
	40.15
	40.38
	40.89
	40.58
	40.35
	40.68
	40.45
	40.66
	40.58
	40.65
	40.78
	40.44
	40.16
	40.47
	40.28
	40.60
	40.81
	40.48
	40.35

	Average: 40.04
	Standard deviation: 0.2

-> 202s
	40.73
	40.38
	40.67
	40.74
	40.64
	40.47
	40.57
	40.11
	40.39
	40.15
	40.51
	40.58
	40.88
	40.52
	40.57
	40.40
	40.64
	40.25
	40.25
	40.17
	40.88
	40.78
	39.97
	40.99
	40.33

	Average: 39.96
	Standard deviation: 0.979796

-> 203s
	40.65
	40.66
	40.60
	40.74
	40.29
	40.47
	40.39
	40.66
	40.43
	40.23
	40.30
	40.53
	40.71
	40.38
	39.88
	40.91
	41.20
	40.54
	40.71
	40.60
	40.40
	40.55
	39.80
	40.80
	40.12

	Average: 39.96
	Standard deviation: 1.0198

-> 204s
	40.48
	40.84
	40.35
	40.63
	40.17
	40.13
	40.76
	40.62
	40.45
	40.51
	40.59
	40.48
	40.80
	40.57
	40.34
	40.63
	39.96
	40.12
	40.52
	40.52
	40.45
	40.77
	40.26
	40.54
	41.02

	Average: 40
	Standard deviation: 0.282843

-> 205s
	40.53
	40.18
	40.73
	40.07
	40.63
	40.34
	40.45
	40.60
	40.52
	39.98
	41.06
	40.35
	40.38
	40.09
	39.81
	40.19
	41.28
	40.82
	40.70
	40.43
	40.53
	39.92
	40.44
	40.68
	40.31

	Average: 39.96
	Standard deviation: 1.0583

-> 206s
	40.39
	40.54
	40.52
	40.34
	40.46
	40.88
	40.13
	40.99
	40.72
	40.70
	40.21
	40.81
	40.49
	40.74
	40.58
	40.02
	40.10
	40.33
	41.07
	40.38
	41.46
	40.77
	40.39
	40.71
	40.51

	Average: 40.08
	Standard deviation: 0.282843

-> 207s
	41.53
	40.53
	40.61
	40.36
	40.84
	40.62
	40.34
	40.73
	40.62
	40.61
	40.44
	40.05
	40.24
	40.32
	40.60
	40.84
	40.18
	40.71
	40.66
	40.49
	40.56
	40.41
	40.54
	40.42
	40.75

	Average: 40.04
	Standard deviation: 0.2

-> 208s
	40.43
	41.40
	40.63
	40.45
	40.73
	40.70
	40.43
	40.54
	39.93
	40.33
	40.02
	41.05
	40.71
	40.66
	40.80
	40.44
	40.63
	40.69
	40.35
	40.49
	40.70
	40.38
	40.44
	40.69
	40.59

	Average: 40.04
	Standard deviation: 0.34641

-> 209s
	40.60
	40.74
	40.41
	40.63
	40.28
	40.68
	40.69
	40.97
	39.97
	40.41
	40.60
	40.75
	40.58
	40.85
	39.88
	41.10
	40.45
	40.50
	40.57
	40.41
	40.69
	40.50
	40.26
	40.61
	40.29

	Average: 39.96
	Standard deviation: 1.0198

-> 210s
	40.53
	40.39
	40.51
	40.14
	40.89
	40.38
	40.56
	40.66
	40.63
	40.06
	40.09
	40.01
	40.65
	40.44
	40.69
	40.58
	40.91
	40.01
	41.06
	40.37
	40.47
	40.14
	40.88
	39.84
	39.64

	Average: 39.96
	Standard deviation: 1.0198

-> 211s
	40.33
	40.48
	40.20
	40.31
	40.73
	40.26
	40.07
	40.42
	40.72
	40.67
	40.32
	40.68
	40.63
	40.71
	40.44
	40.60
	40.56
	40.04
	40.16
	40.57
	40.53
	40.47
	40.70
	40.48
	40.58

	Average: 40
	Standard deviation: 0

-> 212s
	40.59
	40.61
	40.67
	40.10
	40.19
	40.22
	40.27
	40.33
	40.08
	40.59
	40.98
	40.67
	40.57
	40.15
	40.47
	41.02
	40.53
	40.63
	40.58
	40.53
	40.52
	40.52
	39.90
	40.29
	40.67

	Average: 40
	Standard deviation: 0.282843

-> 213s
	40.68
	40.75
	40.32
	40.41
	40.82
	40.63
	40.54
	40.47
	40.73
	40.56
	40.41
	40.64
	40.25
	40.97
	39.94
	39.99
	40.61
	40.27
	39.97
	40.71
	40.50
	40.24
	40.67
	40.57
	40.41

	Average: 39.88
	Standard deviation: 0.938083

-> 214s
	40.31
	40.87
	40.49
	40.48
	40.39
	40.19
	40.46
	40.39
	40.76
	40.29
	40.19
	40.92
	40.22
	40.34
	40.37
	40.86
	40.43
	40.67
	40.59
	41.28
	40.63
	40.72
	40.56
	40.23
	39.97

	Average: 40
	Standard deviation: 0.282843

-> 215s
	40.62
	40.72
	40.63
	40.38
	40.74
	40.42
	40.27
	41.11
	40.43
	40.29
	40.60
	40.16
	39.89
	40.26
	40.09
	40.58
	40.92
	39.91
	40.18
	40.67
	40.28
	40.58
	40.28
	40.78
	40.20

	Average: 39.96
	Standard deviation: 1.0198

-> 216s
	40.21
	40.51
	40.46
	40.08
	40.50
	40.19
	40.69
	40.59
	40.11
	40.16
	40.55
	40.62
	40.41
	40.54
	40.68
	40.82
	40.18
	40.93
	40.40
	40.62
	40.49
	40.76
	39.76
	40.32
	39.81

	Average: 39.92
	Standard deviation: 0.959166

-> 217s
	40.48
	40.60
	40.42
	40.56
	40.92
	39.96
	40.29
	40.41
	40.16
	40.60
	40.53
	40.19
	40.39
	41.24
	40.58
	40.44
	40.63
	40.47
	40.72
	40.20
	40.25
	40.73
	41.28
	40.44
	40.85

	Average: 40.04
	Standard deviation: 0.34641

-> 218s
	40.49
	40.74
	40.52
	40.59
	40.15
	40.12
	40.28
	41.11
	40.72
	40.53
	40.55
	40.66
	40.31
	40.63
	40.40
	40.31
	40.40
	40.43
	40.81
	40.83
	40.37
	40.66
	40.43
	40.35
	40.74

	Average: 40.04
	Standard deviation: 0.2

-> 219s
	40.68
	40.26
	40.95
	40.51
	40.52
	40.64
	40.58
	40.52
	40.70
	40.25
	40.12
	40.10
	39.94
	40.24
	40.14
	40.00
	40.19
	40.07
	40.08
	40.58
	40.06
	40.85
	40.70
	40.71
	40.72

	Average: 39.96
	Standard deviation: 0.979796

-> 220s
	40.78
	40.54
	40.59
	39.99
	40.51
	40.06
	40.22
	40.23
	40.44
	40.66
	40.42
	40.12
	40.93
	40.50
	40.56
	40.68
	40.79
	40.95
	40.02
	40.45
	40.54
	40.61
	39.98
	40.50
	41.21

	Average: 39.96
	Standard deviation: 1.0198

-> 221s
	39.90
	40.29
	40.04
	40.29
	40.48
	40.08
	40.34
	40.55
	40.54
	40.14
	40.93
	40.09
	40.35
	40.47
	40.60
	40.62
	40.63
	40.36
	40.60
	40.53
	40.53
	40.08
	40.72
	41.13
	40.56

	Average: 40
	Standard deviation: 0.282843

-> 222s
	40.57
	40.44
	40.79
	40.24
	40.58
	40.91
	40.70
	40.45
	40.65
	40.63
	40.44
	40.53
	40.58
	40.45
	40.62
	40.64
	40.16
	40.63
	40.05
	41.26
	39.98
	41.11
	39.89
	41.32
	40.60

	Average: 40.04
	Standard deviation: 0.447214

-> 223s
	40.16
	40.95
	40.89
	40.66
	40.57
	40.52
	40.21
	40.97
	40.14
	40.70
	39.99
	40.29
	40.00
	40.15
	39.80
	40.75
	40.24
	39.97
	40.10
	40.56
	40.40
	41.01
	40.46
	40.48
	40.50

	Average: 39.92
	Standard deviation: 1

-> 224s
	40.88
	40.57
	41.16
	40.61
	40.65
	40.43
	40.75
	41.29
	40.36
	41.06
	40.55
	40.48
	40.62
	40.55
	40.63
	40.38
	40.11
	40.27
	40.75
	40.22
	41.17
	40.45
	40.78
	40.62
	40.33

	Average: 40.16
	Standard deviation: 0.4

-> 225s
	40.84
	40.15
	40.09
	40.44
	40.54
	40.34
	40.00
	40.23
	40.32
	40.55
	40.44
	40.85
	40.07
	40.68
	40.60
	40.40
	40.29
	40.32
	40.11
	40.77
	40.41
	40.60
	40.58
	40.50
	40.39

	Average: 40
	Standard deviation: 0

-> 226s
	40.60
	40.79
	40.57
	40.55
	40.37
	40.47
	40.56
	39.95
	40.19
	40.72
	40.81
	41.07
	40.34
	40.87
	40.48
	40.44
	40.66
	40.39
	40.73
	40.01
	40.31
	40.39
	40.67
	40.53
	40.39

	Average: 40
	Standard deviation: 0.282843

-> 227s
	40.29
	39.99
	40.73
	40.58
	40.43
	40.19
	40.24
	40.52
	40.67
	40.43
	40.56
	40.56
	40.38
	40.27
	40.29
	40.55
	40.51
	40.44
	41.00
	40.35
	40.68
	40.49
	40.64
	40.41
	40.25

	Average: 40
	Standard deviation: 0.282843

-> 228s
	40.61
	40.36
	40.46
	40.50
	40.73
	40.66
	39.91
	40.27
	40.55
	40.43
	40.70
	40.75
	40.46
	40.54
	40.47
	40.52
	40.49
	40.65
	40.35
	41.00
	40.48
	40.49
	40.49
	40.99
	40.54

	Average: 40
	Standard deviation: 0.282843

-> 229s
	40.38
	40.46
	40.39
	40.80
	40.19
	40.55
	40.02
	40.22
	40.38
	40.94
	40.38
	40.59
	40.19
	39.99
	39.91
	40.68
	41.11
	40.39
	40.96
	40.38
	40.67
	40.64
	40.25
	40.29
	40.83

	Average: 39.96
	Standard deviation: 1.0198

-> 230s
	40.25
	40.54
	40.34
	40.89
	40.15
	40.98
	41.34
	40.52
	41.54
	40.65
	40.57
	40.51
	40.81
	40.61
	39.91
	40.06
	40.58
	40.31
	40.78
	40.49
	40.68
	40.52
	40.70
	40.45
	40.65

	Average: 40.04
	Standard deviation: 0.34641

-> 231s
	40.51
	40.67
	40.49
	40.53
	40.55
	41.53
	40.54
	40.08
	40.68
	40.91
	40.42
	40.88
	41.18
	40.54
	40.61
	40.62
	40.03
	40.92
	40.58
	40.85
	40.85
	40.22
	40.66
	40.51
	40.17

	Average: 40.08
	Standard deviation: 0.282843

-> 232s
	39.97
	40.62
	40.60
	40.68
	40.61
	40.48
	40.76
	40.44
	40.56
	40.35
	40.08
	40.34
	40.35
	40.17
	40.14
	40.33
	40.04
	40.38
	40.67
	40.58
	40.16
	40.80
	40.07
	41.11
	40.64

	Average: 40
	Standard deviation: 0.282843

-> 233s
	40.40
	40.60
	40.39
	40.09
	40.18
	40.57
	40.05
	40.12
	40.58
	40.52
	40.13
	40.85
	40.08
	40.24
	40.55
	40.42
	40.39
	40.61
	40.49
	40.50
	40.68
	40.70
	40.57
	40.39
	40.76

	Average: 40
	Standard deviation: 0

-> 234s
	40.56
	40.43
	40.25
	40.81
	40.78
	40.59
	40.30
	40.56
	40.51
	40.65
	40.49
	40.45
	40.44
	40.84
	40.51
	40.98
	41.14
	40.47
	40.50
	40.14
	40.19
	40.71
	40.41
	40.43
	40.48

	Average: 40.04
	Standard deviation: 0.2

-> 235s
	40.63
	40.32
	40.22
	40.45
	40.33
	40.16
	40.90
	40.22
	40.52
	40.53
	40.91
	40.32
	40.44
	40.75
	40.01
	40.16
	40.52
	40.02
	40.24
	40.45
	40.66
	40.22
	40.24
	40.76
	40.94

	Average: 40
	Standard deviation: 0

-> 236s
	40.57
	40.55
	39.99
	40.83
	40.57
	40.65
	40.76
	39.94
	40.33
	39.86
	41.07
	40.50
	40.80
	41.34
	40.82
	39.77
	40.32
	40.14
	40.31
	39.83
	39.97
	41.04
	40.57
	40.53
	40.74

	Average: 39.88
	Standard deviation: 1.0583

-> 237s
	40.72
	40.41
	40.41
	40.28
	40.00
	39.99
	40.59
	40.30
	39.91
	40.60
	40.25
	40.94
	40.02
	40.64
	39.78
	39.94
	40.15
	40.43
	40.88
	39.86
	41.04
	40.54
	40.12
	40.31
	40.52

	Average: 39.84
	Standard deviation: 0.959166

-> 238s
	40.45
	40.42
	40.52
	40.47
	40.41
	40.69
	40.04
	41.06
	40.51
	40.38
	40.12
	40.47
	40.38
	40.32
	40.12
	40.50
	40.80
	40.51
	40.38
	40.50
	40.61
	40.34
	40.80
	40.40
	40.58

	Average: 40.04
	Standard deviation: 0.2

-> 239s
	40.70
	40.35
	40.19
	40.03
	40.50
	39.86
	40.20
	40.26
	40.74
	40.40
	40.73
	40.33
	40.52
	40.80
	40.56
	40.89
	40.41
	40.07
	40.32
	40.47
	40.49
	40.80
	40.47
	40.58
	40.09

	Average: 39.96
	Standard deviation: 0.979796

-> 240s
	40.35
	40.33
	40.29
	40.39
	41.29
	40.91
	41.15
	40.22
	40.91
	40.87
	40.36
	40.33
	40.99
	40.50
	40.58
	40.11
	40.09
	40.65
	41.32
	40.49
	40.48
	40.64
	40.46
	41.99
	40.27

	Average: 40.16
	Standard deviation: 0.4

-> 241s
	40.06
	40.90
	40.30
	40.59
	40.74
	40.27
	40.64
	40.91
	40.99
	39.91
	40.57
	40.46
	40.55
	40.71
	40.44
	40.66
	40.52
	40.53
	40.64
	40.57
	39.77
	40.44
	40.82
	40.33
	40.57

	Average: 39.92
	Standard deviation: 0.959166

-> 242s
	40.52
	40.41
	40.27
	40.33
	40.58
	40.19
	40.81
	40.57
	40.45
	40.60
	40.55
	40.47
	40.50
	40.41
	40.50
	40.72
	40.10
	40.91
	40.90
	40.67
	40.50
	40.72
	40.30
	40.67
	39.63

	Average: 39.96
	Standard deviation: 0.979796

-> 243s
	40.42
	40.31
	39.97
	40.37
	40.54
	40.42
	40.56
	40.47
	40.55
	40.44
	40.90
	40.36
	40.72
	40.36
	40.45
	40.44
	40.50
	40.82
	40.27
	40.53
	40.78
	40.58
	40.36
	40.19
	40.93

	Average: 39.96
	Standard deviation: 0.979796

-> 244s
	40.54
	40.82
	40.41
	41.38
	40.40
	40.12
	41.20
	40.52
	41.59
	40.43
	40.71
	40.60
	40.67
	40.46
	40.51
	40.07
	40.48
	39.93
	40.97
	40.42
	40.50
	40.13
	41.20
	40.36
	40.70

	Average: 40.12
	Standard deviation: 0.447214

-> 245s
	40.19
	41.22
	40.56
	40.18
	40.51
	40.20
	40.42
	40.43
	40.47
	40.73
	40.46
	40.63
	40.70
	40.46
	40.74
	40.61
	40.00
	40.08
	40.78
	40.73
	40.75
	40.18
	40.51
	40.49
	40.51

	Average: 40.04
	Standard deviation: 0.2

-> 246s
	40.20
	41.13
	40.42
	40.78
	40.23
	40.57
	40.74
	41.36
	40.57
	40.64
	40.58
	40.42
	40.51
	40.96
	40.19
	40.84
	40.37
	40.32
	40.94
	40.46
	40.76
	40.04
	39.98
	40.65
	40.41

	Average: 40.04
	Standard deviation: 0.34641

-> 247s
	40.66
	40.06
	40.23
	40.60
	40.66
	40.37
	40.58
	40.48
	40.78
	40.36
	40.22
	40.26
	40.62
	40.47
	40.43
	40.76
	40.70
	40.58
	40.40
	40.21
	40.81
	40.19
	40.36
	40.36
	40.98

	Average: 40
	Standard deviation: 0

-> 248s
	40.35
	40.74
	40.46
	40.73
	41.27
	40.40
	40.80
	40.59
	40.39
	40.88
	40.68
	40.45
	40.56
	40.33
	40.51
	40.60
	40.99
	40.39
	40.70
	40.42
	40.78
	40.14
	40.74
	40.10
	41.19

	Average: 40.08
	Standard deviation: 0.282843

-> 249s
	40.18
	40.15
	40.19
	40.36
	40.47
	40.09
	40.47
	40.13
	40.32
	40.54
	40.53
	40.32
	40.74
	40.51
	41.03
	40.70
	40.41
	40.75
	40.22
	40.72
	40.60
	40.12
	40.22
	40.23
	40.47

	Average: 40.04
	Standard deviation: 0.2

-> 250s
	40.53
	40.49
	40.18
	40.27
	40.57
	40.37
	40.56
	40.48
	40.66
	40.12
	40.32
	40.48
	40.59
	39.92
	40.06
	40.90
	40.07
	41.04
	40.52
	40.34
	40.63
	40.49
	40.83
	40.56
	39.85

	Average: 39.96
	Standard deviation: 1.0198

-> 251s
	40.38
	40.03
	40.96
	41.10
	40.74
	40.45
	40.61
	40.43
	40.19
	40.92
	40.08
	40.29
	40.06
	40.93
	40.77
	40.39
	40.60
	40.49
	40.00
	40.28
	39.85
	41.30
	40.40
	40.89
	39.90

	Average: 40
	Standard deviation: 0.4

-> 252s
	40.17
	40.47
	40.22
	40.57
	40.60
	40.26
	40.49
	40.42
	40.74
	40.47
	40.88
	40.38
	40.49
	41.01
	40.44
	39.97
	40.28
	40.54
	40.49
	39.95
	40.52
	40.36
	39.75
	39.86
	40.46

	Average: 39.88
	Standard deviation: 0.979796

-> 253s
	40.54
	40.36
	40.72
	40.59
	40.38
	40.78
	40.48
	40.74
	39.95
	40.26
	40.72
	40.03
	41.19
	40.40
	40.59
	40.67
	40.80
	40.44
	39.86
	39.88
	40.17
	40.42
	40.83
	40.51
	40.49

	Average: 39.92
	Standard deviation: 1

-> 254s
	40.81
	40.48
	40.66
	40.46
	40.42
	40.77
	40.37
	40.55
	40.60
	40.41
	40.89
	40.66
	40.47
	40.40
	40.43
	40.18
	40.53
	40.82
	40.07
	40.22
	40.38
	40.47
	40.80
	39.95
	40.68

	Average: 39.96
	Standard deviation: 0.979796

-> 255s
	40.26
	40.67
	40.80
	40.51
	40.50
	40.52
	40.75
	40.50
	40.56
	39.92
	40.41
	40.55
	40.24
	40.96
	40.70
	40.32
	39.96
	40.53
	40.77
	41.08
	40.63
	40.81
	40.37
	40.47
	40.51

	Average: 39.96
	Standard deviation: 1.0198

-> 256s
	40.61
	40.59
	40.75
	40.53
	40.67
	40.22
	40.36
	40.10
	40.42
	40.90
	40.57
	40.48
	40.45
	40.73
	40.55
	40.43
	40.89
	40.29
	40.79
	40.42
	40.59
	40.60
	40.09
	40.16
	40.51

	Average: 40
	Standard deviation: 0

-> 257s
	40.41
	40.37
	40.36
	40.05
	40.40
	40.54
	40.83
	40.78
	40.48
	40.25
	40.91
	40.56
	40.43
	40.74
	40.72
	41.24
	40.16
	40.78
	40.93
	40.44
	40.50
	40.78
	40.57
	40.44
	40.28

	Average: 40.04
	Standard deviation: 0.2

-> 258s
	40.76
	40.74
	40.49
	40.45
	40.24
	41.03
	40.62
	40.48
	40.45
	40.87
	41.35
	40.52
	40.55
	40.82
	40.41
	40.13
	40.66
	39.96
	40.64
	40.11
	40.25
	40.11
	40.64
	40.13
	40.22

	Average: 40.04
	Standard deviation: 0.34641

-> 259s
	40.44
	40.43
	40.06
	40.58
	41.13
	40.55
	40.42
	40.83
	40.08
	41.10
	40.40
	40.40
	40.46
	40.02
	40.10
	40.60
	40.14
	40.91
	40.73
	40.51
	40.57
	40.84
	40.48
	40.57
	40.89

	Average: 40.08
	Standard deviation: 0.282843

-> 260s
	41.18
	40.44
	40.24
	40.96
	40.40
	40.97
	40.48
	40.59
	40.69
	40.42
	40.60
	41.50
	40.46
	40.21
	40.82
	40.79
	40.54
	39.93
	40.14
	40.52
	40.69
	40.41
	40.08
	40.05
	40.43

	Average: 40.04
	Standard deviation: 0.34641

-> 261s
	40.77
	40.84
	40.32
	40.65
	40.82
	41.25
	40.92
	40.75
	40.36
	40.58
	40.38
	40.86
	40.35
	40.39
	40.63
	40.69
	40.58
	40.61
	40.57
	40.30
	40.80
	40.74
	41.27
	40.63
	40.53

	Average: 40.08
	Standard deviation: 0.282843

-> 262s
	40.11
	40.78
	40.80
	40.80
	41.35
	40.71
	40.83
	40.36
	39.79
	40.12
	40.50
	40.47
	40.52
	40.77
	40.14
	40.20
	39.92
	40.41
	40.44
	39.99
	40.08
	40.53
	39.99
	40.07
	39.97

	Average: 39.84
	Standard deviation: 0.959166

-> 263s
	40.37
	40.46
	40.64
	40.72
	40.85
	40.32
	40.27
	40.36
	40.34
	40.58
	40.95
	40.27
	40.59
	40.71
	40.12
	40.26
	40.46
	40.58
	40.48
	40.89
	40.57
	40.81
	39.86
	40.88
	40.44

	Average: 39.96
	Standard deviation: 0.979796

-> 264s
	40.14
	40.55
	40.98
	39.96
	40.27
	40.49
	40.68
	40.36
	40.79
	40.04
	40.29
	40.36
	40.10
	40.33
	40.19
	40.24
	40.25
	40.20
	40.86
	40.63
	40.64
	40.57
	40.41
	40.58
	40.62

	Average: 39.96
	Standard deviation: 0.979796

-> 265s
	40.51
	40.38
	40.52
	40.15
	40.24
	40.06
	40.71
	40.46
	40.01
	40.80
	40.20
	40.63
	40.22
	40.44
	40.19
	40.58
	40.59
	40.40
	40.73
	40.56
	40.60
	40.43
	40.82
	40.43
	40.56

	Average: 40
	Standard deviation: 0

-> 266s
	40.69
	40.43
	40.50
	41.53
	40.64
	40.64
	40.55
	40.63
	40.01
	40.16
	40.41
	40.19
	40.25
	40.18
	40.86
	40.63
	40.80
	40.33
	40.37
	40.76
	39.97
	40.23
	40.36
	39.99
	40.03

	Average: 39.96
	Standard deviation: 1.0198

-> 267s
	40.96
	39.98
	40.85
	40.70
	40.50
	40.41
	40.28
	40.55
	40.48
	40.75
	40.68
	40.36
	40.63
	40.29
	40.75
	40.74
	40.52
	40.55
	40.35
	40.57
	40.65
	40.40
	40.55
	40.79
	40.60

	Average: 39.96
	Standard deviation: 0.979796

-> 268s
	40.02
	40.27
	40.59
	40.78
	40.64
	40.56
	40.55
	40.63
	40.56
	40.32
	40.50
	40.06
	40.31
	40.33
	40.04
	40.95
	40.76
	40.64
	40.47
	40.54
	40.64
	40.66
	40.68
	40.39
	40.57

	Average: 40
	Standard deviation: 0

-> 269s
	40.05
	41.14
	40.42
	40.74
	40.17
	41.21
	41.15
	40.60
	40.62
	40.57
	40.68
	40.26
	40.55
	40.85
	41.41
	40.04
	40.58
	40.01
	40.82
	40.51
	40.43
	40.66
	40.68
	40.60
	40.37

	Average: 40.16
	Standard deviation: 0.4

-> 270s
	40.60
	40.60
	40.60
	40.54
	40.55
	40.51
	40.19
	40.19
	40.74
	40.45
	40.46
	40.24
	41.14
	40.38
	40.68
	40.37
	40.39
	40.43
	40.91
	40.37
	40.57
	40.65
	40.38
	40.19
	40.54

	Average: 40.04
	Standard deviation: 0.2

-> 271s
	40.47
	40.46
	40.62
	40.02
	40.67
	40.27
	40.22
	40.16
	40.15
	40.66
	40.48
	40.39
	40.79
	40.48
	40.68
	40.30
	40.32
	40.70
	40.62
	40.41
	40.42
	39.94
	40.47
	41.02
	40.33

	Average: 40
	Standard deviation: 0.282843

-> 272s
	39.97
	40.96
	40.71
	40.43
	40.50
	40.07
	40.16
	40.02
	40.17
	40.68
	39.81
	41.22
	40.89
	40.19
	40.82
	40.76
	40.43
	40.55
	40.54
	40.80
	40.41
	41.20
	40.12
	40.63
	40.49

	Average: 40
	Standard deviation: 0.4

-> 273s
	40.59
	40.54
	40.62
	40.51
	40.72
	40.83
	40.25
	40.64
	40.30
	40.18
	40.43
	40.74
	40.41
	40.58
	40.59
	40.44
	40.51
	40.67
	40.77
	40.40
	40.73
	40.46
	40.36
	40.09
	40.87

	Average: 40
	Standard deviation: 0

-> 274s
	40.84
	40.45
	40.45
	40.16
	40.42
	39.90
	40.49
	40.50
	40.57
	40.56
	40.06
	40.43
	40.59
	40.40
	40.40
	40.65
	40.64
	40.70
	40.54
	40.61
	40.45
	40.88
	40.19
	40.34
	40.93

	Average: 39.96
	Standard deviation: 0.979796

-> 275s
	40.39
	40.39
	40.94
	40.24
	40.70
	40.52
	40.76
	40.68
	39.90
	41.05
	40.78
	40.59
	40.46
	40.11
	40.77
	40.98
	40.82
	41.28
	40.37
	40.85
	40.29
	40.64
	40.50
	40.79
	41.26

	Average: 40.08
	Standard deviation: 0.4

-> 276s
	40.62
	40.63
	40.67
	40.75
	40.61
	40.69
	40.91
	40.44
	40.23
	40.05
	40.50
	40.15
	40.62
	40.42
	40.46
	40.66
	40.31
	40.45
	40.46
	40.52
	40.45
	40.85
	40.30
	40.59
	40.52

	Average: 40
	Standard deviation: 0

-> 277s
	40.92
	40.46
	39.95
	40.56
	40.34
	40.63
	40.05
	40.99
	40.47
	40.64
	40.57
	40.30
	40.65
	40.56
	40.60
	40.54
	40.63
	40.69
	40.47
	40.52
	40.59
	40.67
	40.47
	40.27
	41.09

	Average: 40
	Standard deviation: 0.282843

-> 278s
	40.83
	40.51
	40.32
	40.50
	40.01
	40.73
	40.14
	40.40
	40.25
	40.68
	40.45
	40.73
	40.55
	40.49
	40.56
	40.07
	40.55
	40.41
	40.37
	40.27
	40.27
	40.64
	40.41
	40.47
	40.67

	Average: 40
	Standard deviation: 0

-> 279s
	40.22
	40.46
	39.88
	41.22
	40.47
	40.52
	40.38
	40.68
	40.25
	40.59
	40.22
	40.52
	40.59
	40.35
	40.26
	39.93
	40.70
	40.50
	40.54
	40.51
	40.50
	40.49
	39.93
	40.44
	40.54

	Average: 39.92
	Standard deviation: 1

-> 280s
	40.09
	40.94
	39.91
	40.32
	40.47
	40.71
	40.02
	40.52
	40.23
	39.89
	40.47
	40.35
	40.79
	40.33
	40.78
	40.42
	40.53
	40.43
	40.25
	40.51
	40.50
	40.45
	40.12
	40.42
	40.53

	Average: 39.92
	Standard deviation: 0.959166

-> 281s
	40.74
	40.32
	40.85
	40.55
	40.42
	40.47
	40.39
	40.67
	40.55
	40.92
	40.61
	40.52
	40.46
	40.40
	40.27
	39.81
	40.86
	40.42
	40.15
	40.08
	40.60
	40.49
	40.15
	40.12
	40.15

	Average: 39.96
	Standard deviation: 0.979796

-> 282s
	40.06
	40.70
	40.42
	40.60
	40.65
	39.89
	40.30
	39.97
	41.22
	40.71
	40.58
	40.60
	40.72
	40.42
	40.76
	40.55
	40.54
	40.29
	40.75
	40.50
	40.49
	40.66
	40.06
	40.91
	40.88

	Average: 39.96
	Standard deviation: 1.0198

-> 283s
	40.44
	40.76
	40.80
	40.71
	40.58
	39.70
	40.47
	40.58
	40.02
	40.74
	40.27
	40.27
	40.35
	40.34
	40.77
	39.86
	39.78
	40.31
	40.26
	40.85
	40.40
	40.00
	40.24
	40.53
	40.39

	Average: 39.88
	Standard deviation: 0.938083

-> 284s
	40.24
	39.82
	40.27
	39.86
	40.25
	40.15
	40.13
	40.09
	40.18
	40.19
	40.44
	40.06
	40.15
	40.45
	40.57
	40.79
	41.38
	40.50
	40.69
	40.61
	40.84
	40.54
	40.38
	40.46
	40.75

	Average: 39.96
	Standard deviation: 1.0198

-> 285s
	40.67
	40.09
	40.24
	40.04
	40.48
	40.44
	40.61
	40.45
	40.74
	40.71
	40.42
	40.76
	40.23
	40.89
	40.37
	40.56
	40.56
	40.75
	40.12
	40.88
	40.16
	40.77
	40.44
	40.35
	40.12

	Average: 40
	Standard deviation: 0

-> 286s
	40.12
	40.45
	40.06
	40.40
	40.45
	40.21
	40.08
	40.36
	40.65
	40.66
	40.63
	40.12
	40.63
	40.41
	40.74
	40.93
	40.62
	40.47
	40.36
	40.40
	40.77
	39.85
	40.46
	40.33
	40.49

	Average: 39.96
	Standard deviation: 0.979796

-> 287s
	40.40
	40.65
	40.59
	40.22
	40.29
	40.15
	40.73
	40.55
	40.39
	40.67
	40.44
	41.43
	40.10
	40.60
	40.14
	40.63
	40.46
	40.59
	40.39
	40.66
	40.33
	40.86
	40.34
	40.53
	40.40

	Average: 40.04
	Standard deviation: 0.2

-> 288s
	40.19
	40.38
	40.25
	40.64
	40.25
	40.65
	40.55
	40.25
	40.33
	40.66
	40.40
	40.66
	40.54
	40.10
	41.01
	40.30
	40.83
	39.87
	40.11
	40.45
	40.65
	40.12
	40.80
	40.65
	40.40

	Average: 40
	Standard deviation: 0.282843

-> 289s
	40.09
	40.66
	40.56
	40.73
	40.45
	40.50
	40.49
	39.90
	40.39
	40.01
	40.16
	39.97
	41.11
	40.64
	40.64
	40.31
	40.74
	40.66
	40.46
	40.21
	40.81
	40.65
	40.37
	40.78
	40.51

	Average: 39.96
	Standard deviation: 1.0198

-> 290s
	40.65
	40.51
	40.52
	40.77
	40.81
	40.29
	39.84
	40.09
	40.78
	40.23
	40.84
	40.96
	41.30
	40.26
	40.67
	40.36
	40.86
	40.44
	40.52
	40.66
	40.43
	40.30
	40.91
	41.33
	40.86

	Average: 40.04
	Standard deviation: 0.34641

-> 291s
	40.52
	39.96
	41.39
	40.69
	40.45
	40.77
	40.45
	40.45
	40.45
	40.97
	40.38
	40.53
	40.66
	40.47
	40.70
	40.45
	40.68
	40.21
	40.59
	40.40
	40.72
	40.27
	40.83
	40.09
	40.28

	Average: 40
	Standard deviation: 0.282843

-> 292s
	39.80
	41.12
	40.38
	41.37
	40.78
	40.36
	40.53
	40.61
	40.50
	40.54
	40.66
	40.54
	40.62
	40.66
	40.07
	41.22
	40.51
	39.85
	41.27
	41.51
	40.39
	40.61
	40.35
	40.25
	41.23

	Average: 40.16
	Standard deviation: 0.565685

-> 293s
	40.32
	40.79
	41.37
	40.83
	40.01
	41.09
	40.34
	41.03
	40.53
	40.78
	40.32
	40.76
	40.63
	40.47
	40.66
	40.16
	40.79
	40.56
	40.67
	40.45
	40.47
	40.39
	40.63
	40.52
	40.25

	Average: 40.12
	Standard deviation: 0.34641

-> 294s
	40.83
	40.30
	40.44
	40.44
	40.70
	40.83
	40.46
	40.54
	40.89
	40.28
	40.85
	40.19
	40.29
	40.21
	40.76
	40.38
	40.28
	40.27
	40.08
	40.50
	40.79
	40.70
	40.71
	40.41
	40.24

	Average: 40
	Standard deviation: 0

-> 295s
	40.98
	40.53
	40.41
	40.68
	40.58
	40.45
	40.10
	40.24
	40.40
	40.17
	41.18
	40.48
	40.84
	40.59
	40.33
	40.36
	40.99
	40.73
	40.37
	40.70
	40.65
	40.46
	40.24
	40.85
	40.27

	Average: 40.04
	Standard deviation: 0.2

-> 296s
	40.46
	40.69
	40.27
	40.44
	40.15
	40.53
	40.71
	40.45
	40.38
	40.06
	40.35
	40.34
	40.39
	40.44
	40.74
	40.42
	40.33
	40.97
	40.78
	40.35
	40.72
	40.53
	40.36
	40.41
	40.08

	Average: 40
	Standard deviation: 0

-> 297s
	40.76
	40.61
	39.94
	41.04
	40.27
	40.43
	40.83
	40.39
	40.48
	40.96
	40.34
	40.20
	40.29
	40.49
	40.75
	40.07
	40.71
	40.79
	40.37
	40.27
	40.29
	40.68
	40.25
	40.52
	40.07

	Average: 40
	Standard deviation: 0.282843

-> 298s
	39.97
	40.95
	40.73
	40.52
	40.70
	40.27
	40.28
	40.49
	40.65
	40.74
	40.63
	40.47
	40.57
	40.64
	40.61
	41.01
	40.35
	40.66
	40.50
	40.27
	40.66
	40.57
	40.64
	40.57
	40.66

	Average: 40
	Standard deviation: 0.282843

-> 299s
	39.99
	40.56
	40.37
	40.26
	40.73
	40.21
	40.84
	40.65
	40.56
	40.97
	41.26
	40.54
	40.41
	40.50
	40.84
	40.40
	40.52
	40.13
	40.30
	39.99
	40.09
	40.61
	40.26
	40.16
	40.36

	Average: 39.96
	Standard deviation: 1.0198

-> 300s
	40.22
	40.59
	40.72
	40.19
	40.75
	40.32
	40.23
	40.72
	40.48
	40.05
	41.00
	40.48
	40.75
	40.11
	40.87
	40.67
	40.68
	40.49
	40.83
	40.57
	40.47
	40.51
	40.66
	40.49
	40.69

	Average: 40.04
	Standard deviation: 0.2

