-> 1s
	35.99
	35.40
	35.44
	35.55
	35.38
	34.74
	34.91
	34.55
	35.29
	34.94
	34.65
	35.21
	35.10
	35.16
	34.43
	34.90
	34.48
	35.81
	34.49
	34.87
	35.29
	34.86
	35.29
	34.80
	34.72
	35.20
	34.95
	34.84
	35.08

	Average: 34.4828
	Standard deviation: 0.694808

-> 2s
	34.45
	35.40
	35.31
	34.70
	34.84
	34.61
	34.79
	35.14
	34.56
	34.76
	34.62
	35.30
	34.80
	35.52
	34.58
	34.53
	34.77
	35.54
	35.30
	35.03
	34.58
	34.54
	34.71
	34.81
	34.45
	34.79
	34.69
	34.54
	35.71

	Average: 34.3103
	Standard deviation: 0.557086

-> 3s
	34.82
	34.58
	34.83
	34.98
	34.63
	34.49
	35.00
	35.07
	34.37
	34.58
	34.67
	34.68
	34.69
	35.03
	35.04
	35.06
	35.28
	35.31
	34.93
	35.45
	34.81
	35.14
	34.66
	34.92
	35.44
	34.68
	34.68
	34.65
	34.82

	Average: 34.3448
	Standard deviation: 0.58722

-> 4s
	35.29
	34.41
	34.50
	34.97
	34.97
	34.59
	34.96
	34.74
	34.58
	34.80
	34.32
	35.21
	35.34
	34.85
	34.80
	35.25
	34.56
	35.67
	34.51
	34.71
	35.09
	35.16
	34.60
	34.67
	34.94
	34.84
	34.53
	34.84
	34.91

	Average: 34.2414
	Standard deviation: 0.491304

-> 5s
	35.14
	35.09
	35.04
	34.84
	34.32
	34.73
	34.86
	34.77
	35.01
	34.79
	34.83
	35.47
	35.45
	35.37
	34.63
	34.74
	34.60
	34.56
	34.90
	35.18
	34.66
	35.54
	34.88
	35.05
	35.03
	34.58
	34.74
	35.17
	34.74

	Average: 34.4138
	Standard deviation: 0.643268

-> 6s
	34.62
	35.48
	34.76
	35.40
	35.07
	35.27
	34.84
	34.70
	35.26
	34.76
	34.66
	34.74
	34.63
	35.39
	34.82
	34.23
	35.02
	35.44
	35.46
	34.86
	35.02
	34.97
	34.72
	35.00
	34.78
	34.90
	34.59
	34.65
	34.64

	Average: 34.3793
	Standard deviation: 0.615882

-> 7s
	35.31
	35.32
	34.90
	34.90
	34.65
	34.69
	34.84
	34.60
	35.45
	34.69
	35.33
	35.57
	34.71
	35.21
	35.58
	35.44
	35.47
	34.72
	34.67
	34.72
	35.34
	34.85
	34.35
	35.24
	34.61
	34.41
	35.05
	34.69
	34.70

	Average: 34.4138
	Standard deviation: 0.643268

-> 8s
	34.76
	35.27
	35.27
	34.87
	34.81
	34.70
	35.54
	35.17
	34.85
	34.66
	34.53
	35.51
	35.72
	35.48
	35.26
	34.91
	34.74
	35.33
	34.76
	34.84
	35.33
	35.11
	34.29
	34.65
	35.12
	34.86
	35.31
	35.55
	34.68

	Average: 34.4828
	Standard deviation: 0.694808

-> 9s
	35.33
	35.95
	34.68
	35.33
	34.50
	34.80
	35.49
	35.56
	34.85
	34.43
	34.76
	34.77
	34.75
	34.81
	35.00
	34.55
	35.52
	34.78
	34.59
	35.39
	35.35
	34.87
	35.38
	34.74
	35.32
	34.70
	34.80
	35.27
	34.48

	Average: 34.4138
	Standard deviation: 0.643268

-> 10s
	34.96
	35.38
	34.84
	34.44
	34.61
	35.09
	34.87
	34.50
	34.57
	34.67
	35.19
	35.36
	34.88
	34.64
	34.79
	35.56
	35.43
	34.54
	34.66
	34.90
	35.29
	35.01
	35.41
	35.60
	35.36
	34.55
	34.77
	34.65
	34.75

	Average: 34.3793
	Standard deviation: 0.615882

-> 11s
	34.58
	35.52
	35.21
	34.68
	35.48
	34.73
	35.59
	35.64
	35.20
	34.90
	35.34
	34.70
	34.76
	35.38
	35.47
	34.49
	35.08
	35.17
	34.96
	35.25
	35.44
	35.67
	34.50
	34.84
	34.69
	34.59
	35.38
	34.93
	34.69

	Average: 34.5172
	Standard deviation: 0.719195

-> 12s
	34.67
	35.10
	34.98
	34.67
	34.77
	35.36
	35.51
	34.71
	34.72
	35.51
	34.92
	35.40
	34.83
	35.14
	34.91
	35.16
	34.98
	34.53
	34.46
	35.41
	34.89
	34.65
	35.53
	35.45
	34.69
	34.70
	35.18
	35.64
	34.99

	Average: 34.4138
	Standard deviation: 0.643268

-> 13s
	34.65
	35.54
	35.65
	34.41
	34.89
	34.80
	34.98
	35.00
	35.46
	34.75
	34.88
	34.97
	34.96
	34.81
	35.25
	35.16
	34.81
	35.02
	34.82
	34.61
	34.94
	35.00
	34.93
	34.51
	35.01
	35.33
	34.54
	35.77
	34.50

	Average: 34.3793
	Standard deviation: 0.615882

-> 14s
	34.76
	35.02
	34.46
	34.48
	34.75
	35.44
	34.85
	35.53
	34.39
	34.76
	34.81
	35.26
	34.95
	34.95
	35.22
	34.58
	35.05
	34.79
	34.74
	35.31
	34.88
	35.45
	34.50
	35.12
	35.21
	34.96
	35.57
	34.71
	34.67

	Average: 34.3793
	Standard deviation: 0.615882

-> 15s
	34.83
	35.40
	34.97
	35.17
	34.65
	34.50
	35.67
	34.79
	34.77
	34.33
	34.77
	34.51
	34.98
	34.56
	35.00
	34.41
	34.86
	34.52
	34.72
	34.76
	35.37
	34.75
	34.44
	34.85
	35.29
	34.83
	35.46
	34.48
	35.56

	Average: 34.2759
	Standard deviation: 0.525226

-> 16s
	34.76
	34.67
	35.47
	34.71
	34.79
	35.07
	34.59
	34.85
	34.61
	35.39
	35.57
	35.09
	35.35
	35.47
	35.02
	35.54
	34.72
	35.19
	34.76
	34.61
	35.53
	35.61
	34.56
	35.52
	34.85
	35.16
	34.81
	34.82
	35.07

	Average: 34.5172
	Standard deviation: 0.719195

-> 17s
	34.84
	35.59
	35.49
	35.03
	35.24
	34.99
	35.47
	35.57
	35.31
	34.79
	34.75
	35.35
	34.83
	35.51
	34.64
	34.61
	35.48
	35.64
	34.67
	35.09
	34.68
	34.92
	34.85
	34.46
	34.94
	34.89
	34.89
	35.00
	35.22

	Average: 34.4828
	Standard deviation: 0.694808

-> 18s
	34.54
	34.86
	34.37
	35.43
	35.57
	35.02
	34.99
	34.44
	34.98
	34.44
	35.76
	34.70
	35.29
	34.91
	35.31
	34.81
	35.65
	35.30
	35.01
	34.93
	34.87
	34.71
	35.53
	35.09
	35.79
	34.66
	34.77
	35.08
	34.89

	Average: 34.4483
	Standard deviation: 0.669534

-> 19s
	35.06
	34.96
	35.57
	35.48
	35.41
	35.74
	34.73
	35.37
	34.68
	34.66
	34.96
	35.38
	35.41
	34.78
	35.14
	35.53
	34.78
	34.65
	35.44
	34.33
	34.76
	35.72
	34.81
	35.44
	35.35
	34.73
	34.67
	35.22
	34.72

	Average: 34.5172
	Standard deviation: 0.719195

-> 20s
	34.70
	34.46
	35.22
	34.64
	34.89
	34.55
	34.50
	35.80
	34.63
	34.57
	34.90
	35.30
	35.70
	35.72
	35.36
	34.86
	35.08
	35.33
	35.01
	34.71
	35.28
	34.86
	34.72
	35.14
	34.94
	34.78
	35.08
	34.94
	35.33

	Average: 34.4483
	Standard deviation: 0.669534

-> 21s
	35.67
	35.71
	35.43
	35.49
	34.83
	34.63
	35.00
	34.80
	35.45
	34.55
	35.74
	34.60
	35.43
	34.73
	35.22
	34.96
	34.50
	35.62
	34.49
	34.80
	35.38
	34.70
	34.99
	35.42
	34.80
	34.50
	35.02
	34.52
	34.69

	Average: 34.4483
	Standard deviation: 0.669534

-> 22s
	34.90
	35.06
	34.89
	34.76
	34.65
	35.00
	34.72
	34.83
	34.43
	34.69
	35.53
	35.40
	34.80
	34.63
	35.42
	34.64
	34.80
	35.19
	34.77
	35.61
	34.68
	35.51
	35.27
	35.19
	35.06
	34.84
	35.36
	35.47
	34.76

	Average: 34.4483
	Standard deviation: 0.669534

-> 23s
	34.64
	34.49
	34.63
	34.49
	35.47
	34.85
	34.68
	35.25
	35.80
	35.41
	34.91
	34.73
	34.89
	34.93
	35.50
	35.59
	35.10
	34.84
	34.70
	34.62
	34.52
	34.70
	35.09
	34.72
	35.67
	34.78
	34.70
	34.99
	34.99

	Average: 34.3103
	Standard deviation: 0.557086

-> 24s
	34.64
	34.38
	34.71
	34.73
	34.74
	34.46
	34.33
	34.90
	35.55
	35.11
	34.85
	35.53
	35.54
	35.42
	34.43
	34.85
	35.31
	34.79
	34.74
	35.51
	35.46
	35.01
	34.89
	35.23
	34.99
	34.88
	34.49
	34.82
	34.48

	Average: 34.3448
	Standard deviation: 0.58722

-> 25s
	34.79
	35.41
	34.81
	34.59
	35.48
	34.56
	35.64
	35.42
	34.67
	35.52
	35.45
	34.88
	35.56
	34.57
	34.80
	34.43
	34.73
	35.36
	34.62
	34.71
	35.36
	35.59
	34.63
	35.46
	35.19
	35.03
	34.69
	35.04
	34.90

	Average: 34.4828
	Standard deviation: 0.694808

-> 26s
	35.36
	34.80
	34.93
	35.19
	34.71
	35.38
	34.59
	34.79
	35.32
	34.73
	34.75
	34.70
	35.33
	34.93
	35.48
	34.68
	35.28
	35.65
	35.52
	34.82
	35.25
	34.61
	34.80
	35.39
	34.66
	35.29
	34.89
	34.72
	35.07

	Average: 34.4483
	Standard deviation: 0.669534

-> 27s
	34.90
	34.49
	34.79
	34.76
	35.07
	34.70
	34.82
	35.53
	34.88
	35.20
	34.74
	35.05
	34.95
	35.03
	35.77
	34.92
	35.61
	35.11
	35.02
	35.41
	35.80
	35.27
	34.62
	34.76
	35.31
	34.78
	35.20
	34.82
	34.45

	Average: 34.4828
	Standard deviation: 0.694808

-> 28s
	35.19
	35.43
	35.66
	34.50
	34.76
	35.59
	34.70
	35.36
	34.57
	35.03
	34.85
	34.88
	35.11
	34.59
	35.55
	35.61
	34.61
	34.37
	35.58
	34.76
	34.55
	34.82
	35.31
	34.85
	34.62
	34.98
	35.15
	35.00
	34.82

	Average: 34.4483
	Standard deviation: 0.669534

-> 29s
	35.37
	34.97
	34.83
	35.58
	35.49
	35.29
	35.70
	35.30
	34.74
	35.59
	35.64
	35.40
	34.68
	34.56
	34.37
	35.02
	35.58
	34.43
	34.91
	34.61
	34.54
	34.68
	34.94
	34.58
	34.81
	34.58
	35.32
	35.62
	35.27

	Average: 34.4828
	Standard deviation: 0.694808

-> 30s
	34.77
	35.60
	34.94
	35.36
	34.95
	34.96
	34.96
	35.53
	34.61
	34.71
	34.78
	34.63
	34.79
	35.31
	34.57
	34.86
	34.73
	34.79
	35.70
	35.32
	34.87
	35.36
	34.56
	34.65
	35.10
	35.00
	34.69
	35.39
	34.66

	Average: 34.3448
	Standard deviation: 0.58722

-> 31s
	34.79
	34.77
	35.42
	35.23
	34.61
	34.92
	34.22
	34.98
	35.59
	35.57
	35.11
	34.52
	34.87
	34.94
	34.88
	34.98
	34.60
	34.80
	35.18
	34.41
	34.81
	34.91
	34.55
	34.33
	35.18
	34.13
	34.67
	34.80
	35.39

	Average: 34.2759
	Standard deviation: 0.525226

-> 32s
	34.94
	34.38
	34.92
	35.27
	34.52
	34.91
	35.60
	35.28
	35.05
	34.46
	34.50
	35.31
	34.82
	34.89
	34.95
	34.38
	34.73
	34.72
	35.20
	34.94
	35.15
	34.84
	34.72
	34.76
	34.39
	34.70
	34.99
	35.03
	34.96

	Average: 34.2759
	Standard deviation: 0.525226

-> 33s
	34.99
	35.26
	34.79
	35.52
	35.33
	34.95
	35.37
	35.62
	34.73
	35.12
	35.64
	34.88
	35.34
	34.39
	34.59
	35.65
	35.21
	34.70
	34.76
	34.80
	34.92
	35.04
	34.89
	35.31
	34.67
	34.80
	34.60
	34.69
	34.79

	Average: 34.4138
	Standard deviation: 0.643268

-> 34s
	34.67
	35.21
	34.65
	35.42
	34.81
	34.99
	34.66
	35.62
	34.62
	35.46
	34.50
	34.90
	35.19
	34.92
	34.59
	35.48
	34.49
	35.54
	34.50
	34.78
	35.19
	34.89
	35.30
	35.37
	34.90
	34.46
	35.52
	34.89
	35.30

	Average: 34.4138
	Standard deviation: 0.643268

-> 35s
	34.74
	35.34
	34.71
	34.79
	35.44
	35.33
	34.79
	34.63
	34.24
	35.07
	34.65
	35.39
	34.77
	34.69
	35.46
	34.81
	34.89
	35.03
	34.81
	34.61
	34.82
	35.58
	34.78
	35.38
	34.85
	34.66
	35.47
	35.40
	34.95

	Average: 34.3793
	Standard deviation: 0.615882

-> 36s
	34.86
	35.42
	35.20
	34.87
	34.80
	35.17
	34.58
	34.82
	35.29
	34.72
	34.60
	35.09
	35.10
	34.49
	34.60
	35.28
	34.82
	34.76
	35.18
	35.62
	35.57
	34.62
	34.95
	34.58
	35.57
	34.82
	35.53
	34.72
	34.82

	Average: 34.4138
	Standard deviation: 0.643268

-> 37s
	35.37
	35.48
	35.54
	35.38
	34.55
	34.54
	35.20
	34.85
	34.74
	35.45
	34.92
	35.43
	35.05
	34.56
	34.52
	35.32
	34.83
	34.51
	34.86
	35.36
	34.38
	35.08
	35.04
	35.31
	35.10
	34.79
	34.84
	34.52
	34.55

	Average: 34.4828
	Standard deviation: 0.694808

-> 38s
	34.63
	34.84
	34.78
	35.43
	34.61
	34.83
	35.51
	35.44
	35.11
	35.25
	34.63
	34.59
	34.74
	34.96
	35.35
	34.81
	34.81
	35.42
	35.63
	35.68
	35.55
	34.94
	35.65
	35.40
	35.77
	35.43
	35.67
	34.89
	35.33

	Average: 34.5517
	Standard deviation: 0.742781

-> 39s
	35.34
	34.77
	34.93
	34.57
	34.29
	34.78
	34.58
	34.65
	34.76
	34.25
	35.13
	34.50
	34.74
	34.60
	34.76
	34.79
	34.71
	34.73
	34.55
	35.50
	34.76
	35.14
	34.54
	35.51
	34.72
	34.83
	34.66
	35.99
	35.35

	Average: 34.2414
	Standard deviation: 0.491304

-> 40s
	34.61
	35.57
	34.52
	35.13
	35.21
	34.51
	34.70
	34.54
	34.60
	34.81
	34.75
	34.62
	34.94
	34.71
	34.81
	34.66
	35.42
	34.83
	35.31
	34.79
	34.71
	34.53
	34.60
	34.18
	35.13
	35.06
	34.89
	35.56
	35.40

	Average: 34.3103
	Standard deviation: 0.557086

-> 41s
	34.78
	35.37
	34.76
	35.34
	34.30
	34.78
	34.77
	34.67
	34.60
	34.86
	35.49
	35.27
	35.84
	35.40
	34.85
	35.65
	35.46
	35.40
	34.86
	35.36
	34.89
	34.45
	35.73
	35.58
	35.20
	35.02
	35.09
	35.94
	35.63

	Average: 34.5862
	Standard deviation: 0.765641

-> 42s
	35.58
	35.48
	34.64
	35.47
	34.65
	34.77
	35.33
	34.79
	34.75
	34.71
	35.21
	35.01
	35.38
	35.69
	34.81
	35.37
	35.75
	34.73
	35.21
	34.42
	34.82
	34.55
	34.91
	35.43
	35.43
	34.73
	34.45
	34.82
	34.62

	Average: 34.4483
	Standard deviation: 0.669534

-> 43s
	34.64
	35.39
	34.69
	34.66
	35.50
	35.65
	35.08
	34.63
	35.14
	34.71
	35.20
	35.35
	34.66
	35.71
	35.41
	35.87
	35.47
	35.42
	34.88
	35.57
	34.73
	35.40
	35.56
	35.29
	34.96
	35.53
	35.31
	35.06
	34.83

	Average: 34.6552
	Standard deviation: 0.809427

-> 44s
	34.59
	35.22
	34.36
	34.73
	35.54
	34.93
	34.82
	34.84
	35.26
	34.66
	34.95
	35.55
	34.67
	34.91
	35.54
	34.74
	35.68
	34.48
	34.47
	34.83
	34.61
	35.41
	35.71
	35.47
	35.41
	34.72
	35.41
	34.89
	34.44

	Average: 34.3793
	Standard deviation: 0.615882

-> 45s
	35.66
	34.74
	35.26
	34.90
	35.21
	34.87
	35.02
	35.22
	34.69
	34.74
	34.53
	35.51
	35.62
	34.72
	34.74
	35.32
	35.17
	35.27
	34.91
	35.01
	35.32
	34.85
	35.37
	34.78
	35.12
	35.04
	35.62
	35.38
	34.71

	Average: 34.5862
	Standard deviation: 0.765641

-> 46s
	34.87
	35.46
	34.71
	35.39
	35.43
	34.47
	34.96
	35.48
	35.55
	34.60
	35.13
	34.95
	35.52
	35.46
	35.66
	34.75
	35.40
	35.05
	34.95
	34.44
	35.05
	35.37
	35.04
	35.31
	34.71
	35.23
	34.74
	34.46
	34.63

	Average: 34.5517
	Standard deviation: 0.742781

-> 47s
	34.75
	35.39
	34.98
	35.60
	34.70
	35.03
	34.96
	34.76
	35.23
	35.54
	35.66
	35.53
	34.57
	35.67
	34.81
	34.69
	34.25
	34.74
	35.27
	35.38
	34.84
	34.67
	34.52
	34.78
	34.89
	35.78
	34.75
	35.27
	35.88

	Average: 34.4483
	Standard deviation: 0.669534

-> 48s
	35.42
	35.56
	35.70
	34.55
	35.42
	34.85
	34.88
	34.99
	35.36
	34.86
	35.36
	34.89
	34.50
	34.79
	34.69
	35.35
	34.72
	34.90
	34.74
	35.00
	35.05
	35.65
	34.32
	34.80
	34.77
	34.73
	35.28
	34.74
	35.06

	Average: 34.4138
	Standard deviation: 0.643268

-> 49s
	34.68
	35.53
	34.73
	34.77
	34.49
	35.08
	34.70
	34.54
	34.81
	35.38
	35.42
	34.61
	35.30
	35.25
	34.98
	35.17
	35.56
	34.40
	35.20
	34.69
	34.37
	34.91
	35.33
	35.18
	34.86
	35.42
	35.59
	35.63
	35.54

	Average: 34.5172
	Standard deviation: 0.719195

-> 50s
	35.61
	34.73
	35.19
	35.66
	35.56
	34.82
	34.85
	35.22
	34.83
	35.13
	35.08
	35.38
	34.88
	34.58
	34.57
	35.31
	34.90
	35.11
	34.87
	34.68
	35.23
	34.99
	34.32
	35.66
	35.34
	35.79
	35.45
	35.99
	35.42

	Average: 34.5862
	Standard deviation: 0.765641

-> 51s
	34.96
	34.81
	35.19
	34.80
	34.53
	34.76
	35.56
	35.53
	35.50
	35.02
	35.13
	35.28
	35.50
	34.79
	35.46
	34.74
	35.49
	35.26
	34.93
	35.05
	34.83
	35.68
	34.89
	35.51
	35.25
	34.90
	34.94
	34.94
	34.97

	Average: 34.5172
	Standard deviation: 0.719195

-> 52s
	35.07
	34.83
	35.39
	35.39
	35.62
	34.70
	34.69
	35.01
	34.89
	35.45
	34.98
	35.38
	35.69
	34.49
	35.34
	34.94
	34.59
	34.38
	35.46
	35.43
	35.08
	35.27
	34.85
	35.36
	34.91
	35.56
	34.90
	34.88
	34.51

	Average: 34.5172
	Standard deviation: 0.719195

-> 53s
	35.33
	34.78
	35.49
	34.72
	34.78
	35.52
	34.68
	34.61
	34.86
	35.30
	35.63
	34.85
	35.16
	34.80
	34.47
	34.83
	34.57
	34.49
	34.71
	34.39
	34.65
	34.72
	34.37
	34.92
	35.20
	34.82
	34.40
	34.84
	35.30

	Average: 34.2759
	Standard deviation: 0.525226

-> 54s
	34.97
	34.72
	34.77
	35.29
	34.52
	35.00
	35.34
	35.58
	34.76
	34.95
	35.03
	35.50
	35.66
	34.53
	34.89
	35.03
	34.75
	34.54
	34.86
	34.52
	34.74
	35.09
	34.76
	34.88
	35.17
	34.87
	34.80
	34.46
	34.41

	Average: 34.3448
	Standard deviation: 0.58722

-> 55s
	34.65
	34.82
	35.33
	34.96
	34.66
	35.21
	34.65
	34.96
	34.60
	34.99
	34.91
	35.48
	34.78
	34.64
	34.58
	35.15
	34.85
	35.53
	35.38
	35.02
	35.39
	34.61
	35.49
	34.85
	35.36
	35.44
	34.86
	34.66
	34.40

	Average: 34.3793
	Standard deviation: 0.615882

-> 56s
	34.78
	35.27
	34.75
	34.70
	34.78
	34.25
	34.75
	34.73
	35.54
	35.63
	34.55
	34.78
	35.42
	35.55
	34.78
	35.34
	34.92
	35.35
	34.46
	34.80
	34.97
	35.10
	35.32
	35.16
	35.01
	35.50
	35.15
	34.94
	35.19

	Average: 34.4828
	Standard deviation: 0.694808

-> 57s
	35.50
	35.19
	34.96
	35.34
	35.59
	34.73
	35.38
	35.51
	34.71
	35.48
	34.43
	35.66
	34.81
	34.54
	34.39
	34.65
	34.76
	34.74
	35.15
	34.82
	34.84
	34.45
	34.99
	35.24
	34.41
	34.77
	34.77
	34.87
	35.30

	Average: 34.3793
	Standard deviation: 0.615882

-> 58s
	34.73
	35.45
	35.56
	35.47
	34.53
	34.56
	34.83
	35.41
	34.80
	35.31
	34.61
	34.73
	34.50
	35.14
	35.16
	34.51
	34.46
	34.86
	35.54
	34.51
	34.83
	34.60
	34.40
	34.46
	34.37
	34.44
	34.77
	34.72
	34.72

	Average: 34.2759
	Standard deviation: 0.525226

-> 59s
	34.49
	34.76
	34.21
	35.02
	34.28
	34.93
	35.78
	34.98
	35.84
	35.63
	35.32
	34.68
	34.56
	34.62
	34.74
	35.51
	35.54
	34.45
	34.83
	35.26
	34.77
	35.66
	34.90
	35.33
	34.92
	34.66
	35.44
	34.85
	35.39

	Average: 34.4138
	Standard deviation: 0.643268

-> 60s
	34.75
	35.51
	34.96
	34.76
	35.20
	34.77
	35.28
	34.55
	34.81
	35.59
	34.72
	35.31
	35.38
	34.80
	35.29
	35.41
	35.72
	34.72
	34.53
	34.72
	34.47
	34.74
	35.54
	34.53
	34.57
	34.66
	35.31
	34.62
	34.84

	Average: 34.3793
	Standard deviation: 0.615882

-> 61s
	34.43
	34.21
	34.98
	34.57
	34.89
	35.32
	35.64
	35.31
	34.74
	34.91
	34.94
	34.53
	34.95
	34.95
	34.52
	35.67
	34.63
	35.67
	35.56
	35.32
	34.59
	34.96
	34.50
	35.42
	34.62
	34.84
	35.57
	35.50
	34.77

	Average: 34.3448
	Standard deviation: 0.58722

-> 62s
	35.33
	35.00
	35.45
	35.45
	34.71
	35.29
	35.18
	35.24
	34.69
	34.74
	35.32
	34.71
	35.59
	34.61
	34.62
	35.48
	34.54
	35.50
	34.44
	34.82
	34.58
	34.65
	35.39
	34.59
	34.65
	34.79
	35.44
	34.92
	34.26

	Average: 34.4483
	Standard deviation: 0.669534

-> 63s
	34.93
	34.70
	34.31
	34.70
	34.72
	34.91
	34.61
	34.85
	34.54
	35.48
	34.65
	34.90
	34.82
	34.69
	34.66
	34.78
	35.06
	35.25
	34.85
	35.39
	35.04
	34.95
	34.69
	34.48
	34.65
	34.66
	35.27
	34.48
	34.81

	Average: 34.2069
	Standard deviation: 0.454859

-> 64s
	34.24
	34.81
	34.70
	34.54
	34.68
	34.54
	34.56
	34.75
	35.45
	34.75
	34.75
	35.23
	34.77
	35.25
	35.24
	34.36
	35.04
	35.43
	34.61
	34.66
	34.51
	35.69
	34.67
	34.60
	34.76
	35.34
	35.27
	34.99
	34.73

	Average: 34.3103
	Standard deviation: 0.557086

-> 65s
	35.07
	34.75
	35.37
	35.87
	35.62
	35.43
	34.84
	35.36
	34.71
	35.58
	34.60
	35.37
	34.76
	35.04
	35.00
	35.42
	35.58
	35.52
	35.61
	34.99
	34.93
	34.81
	35.63
	35.50
	34.78
	35.38
	35.55
	34.68

	Average: 34.6429
	Standard deviation: 0.801784

-> 66s
	34.41
	35.41
	35.79
	35.47
	35.57
	34.65
	35.45
	34.79
	35.26
	34.95
	35.46
	35.55
	35.47
	35.03
	34.50
	35.01
	35.17
	35.00
	35.37
	35.42
	34.81
	34.95
	35.25
	34.65
	35.45
	34.57
	34.63
	34.72
	34.52

	Average: 34.5862
	Standard deviation: 0.765641

-> 67s
	35.54
	35.54
	35.47
	35.59
	34.86
	35.41
	34.86
	35.43
	34.70
	35.51
	34.84
	35.52
	35.28
	35.43
	34.53
	35.03
	35.36
	35.45
	35.06
	35.10
	35.62
	34.56
	34.71
	35.26
	34.92
	35.13
	34.61
	34.84
	34.55

	Average: 34.6207
	Standard deviation: 0.787839

-> 68s
	35.67
	34.63
	35.22
	34.82
	35.04
	35.26
	35.04
	34.79
	34.90
	35.50
	35.42
	34.65
	34.51
	34.52
	34.94
	34.60
	34.61
	34.63
	35.04
	34.67
	34.46
	34.67
	34.84
	34.96
	35.22
	34.75
	34.78
	35.57
	34.56

	Average: 34.3448
	Standard deviation: 0.58722

-> 69s
	35.05
	35.25
	36.02
	35.47
	35.32
	34.72
	35.32
	34.78
	35.22
	34.68
	34.67
	34.63
	34.59
	35.41
	35.54
	34.77
	34.20
	35.02
	34.44
	34.51
	34.90
	35.50
	34.59
	35.62
	34.61
	34.67
	35.44
	34.77
	34.50

	Average: 34.4828
	Standard deviation: 0.742781

-> 70s
	35.38
	34.57
	34.76
	34.86
	34.73
	35.06
	34.78
	35.64
	34.59
	35.37
	35.64
	34.91
	34.52
	34.62
	35.30
	35.85
	34.72
	35.03
	34.53
	35.72
	34.72
	35.39
	34.87
	35.31
	35.73
	34.77
	34.61
	35.42
	35.74

	Average: 34.4828
	Standard deviation: 0.694808

-> 71s
	34.76
	35.44
	34.58
	34.88
	35.55
	35.37
	35.74
	34.72
	34.49
	35.32
	34.46
	34.86
	34.54
	35.65
	35.46
	34.87
	34.50
	34.55
	34.79
	35.26
	34.70
	34.44
	34.54
	34.95
	35.39
	34.58
	34.68
	34.60
	35.25

	Average: 34.3448
	Standard deviation: 0.58722

-> 72s
	34.80
	35.54
	35.26
	34.71
	34.74
	35.22
	34.64
	34.87
	35.33
	34.69
	34.85
	35.13
	35.00
	35.23
	35.86
	34.43
	34.47
	35.03
	34.72
	34.57
	34.62
	34.64
	34.61
	34.95
	34.78
	35.34
	35.22
	34.96
	35.19

	Average: 34.4138
	Standard deviation: 0.643268

-> 73s
	34.79
	34.77
	34.46
	34.78
	34.61
	35.27
	35.50
	34.91
	34.23
	34.74
	34.73
	35.02
	35.15
	34.48
	34.92
	34.56
	34.53
	34.88
	35.59
	34.61
	34.86
	34.94
	35.53
	34.61
	35.37
	34.89
	34.98
	35.12
	35.37

	Average: 34.3103
	Standard deviation: 0.557086

-> 74s
	35.77
	35.38
	35.26
	35.77
	35.16
	35.00
	34.59
	35.09
	34.89
	35.12
	35.03
	34.67
	35.52
	35.68
	35.50
	35.39
	35.59
	34.80
	35.47
	35.48
	35.41
	34.75
	34.63
	34.61
	34.89
	34.57
	35.46
	35.52
	35.01

	Average: 34.6897
	Standard deviation: 0.830455

-> 75s
	35.07
	35.23
	34.87
	35.46
	35.32
	34.68
	35.00
	34.52
	35.08
	34.63
	34.77
	34.53
	35.59
	34.76
	35.16
	34.94
	35.45
	34.76
	35.55
	35.28
	34.73
	34.64
	35.43
	34.71
	35.56
	35.55
	35.44
	34.78
	34.97

	Average: 34.5172
	Standard deviation: 0.719195

-> 76s
	35.17
	34.87
	34.49
	34.93
	35.09
	34.81
	34.54
	35.26
	35.00
	35.31
	35.80
	35.46
	35.52
	35.06
	34.64
	34.85
	34.70
	35.36
	35.50
	34.88
	35.41
	34.55
	35.05
	34.79
	34.65
	35.44
	34.92
	35.64
	35.19

	Average: 34.5517
	Standard deviation: 0.742781

-> 77s
	35.45
	34.84
	34.95
	35.47
	34.94
	35.63
	34.56
	35.31
	34.95
	35.38
	34.89
	35.34
	34.56
	34.80
	34.46
	34.72
	34.71
	35.21
	34.76
	34.73
	35.58
	35.23
	34.93
	34.69
	34.65
	35.19
	34.90
	34.54
	34.81

	Average: 34.3448
	Standard deviation: 0.58722

-> 78s
	34.63
	34.61
	35.29
	34.69
	34.81
	34.56
	35.48
	34.70
	34.69
	34.93
	35.62
	35.41
	34.81
	34.61
	34.65
	34.72
	35.69
	35.42
	34.88
	35.61
	34.61
	35.57
	34.55
	35.47
	34.71
	34.79
	34.76
	35.30
	35.55

	Average: 34.3793
	Standard deviation: 0.615882

-> 79s
	34.74
	35.47
	34.84
	34.38
	34.71
	35.29
	35.67
	34.90
	35.35
	35.26
	35.04
	34.43
	34.62
	34.38
	35.64
	34.38
	35.00
	34.79
	34.48
	34.43
	34.70
	34.70
	34.54
	34.56
	34.81
	34.48
	34.31
	35.17
	35.25

	Average: 34.3448
	Standard deviation: 0.58722

-> 80s
	34.83
	34.81
	35.41
	34.59
	34.63
	35.50
	35.53
	34.51
	34.70
	34.30
	34.90
	34.76
	34.92
	34.64
	35.02
	35.21
	34.22
	35.38
	34.67
	34.78
	35.09
	34.56
	34.89
	34.67
	35.12
	34.90
	35.25
	35.08
	35.02

	Average: 34.3793
	Standard deviation: 0.615882

-> 81s
	34.37
	35.14
	34.58
	34.86
	35.62
	35.52
	35.02
	35.07
	34.94
	35.67
	35.53
	35.73
	35.30
	35.63
	34.84
	34.76
	35.40
	35.12
	35.08
	35.60
	35.26
	35.09
	34.90
	35.37
	35.69
	34.91
	35.25
	35.30
	35.55

	Average: 34.7241
	Standard deviation: 0.850963

-> 82s
	35.48
	34.83
	34.51
	35.36
	34.59
	34.63
	35.61
	34.57
	35.23
	34.86
	34.59
	34.57
	34.67
	35.45
	34.76
	34.84
	35.25
	34.75
	35.13
	34.90
	35.24
	34.95
	34.64
	34.81
	34.89
	35.36
	34.97
	35.44
	34.72

	Average: 34.3448
	Standard deviation: 0.58722

-> 83s
	35.49
	34.57
	34.55
	35.31
	34.93
	34.88
	35.26
	34.87
	35.56
	35.46
	35.21
	34.91
	34.81
	35.45
	34.87
	35.26
	34.91
	34.72
	34.86
	35.25
	35.64
	35.42
	34.74
	34.81
	35.24
	34.60
	34.86
	34.62
	35.65

	Average: 34.4483
	Standard deviation: 0.669534

-> 84s
	35.33
	35.26
	34.74
	34.62
	34.49
	34.81
	34.72
	34.58
	34.55
	34.75
	34.37
	34.74
	34.85
	35.59
	34.57
	34.75
	35.52
	35.05
	35.24
	34.72
	35.25
	34.91
	34.61
	34.60
	34.92
	35.14
	34.41
	34.91
	35.13

	Average: 34.3103
	Standard deviation: 0.557086

-> 85s
	34.69
	34.56
	35.59
	35.57
	35.69
	34.87
	35.23
	34.82
	35.51
	35.09
	34.82
	34.59
	34.76
	35.33
	34.99
	35.37
	34.85
	35.32
	34.84
	35.07
	34.49
	35.31
	35.34
	34.85
	35.67
	35.45
	34.70
	34.70
	34.83

	Average: 34.4828
	Standard deviation: 0.694808

-> 86s
	35.10
	35.34
	34.77
	34.60
	35.08
	34.34
	35.62
	34.71
	35.53
	34.45
	34.49
	34.88
	35.02
	34.45
	35.48
	34.82
	35.31
	35.01
	35.18
	34.87
	34.55
	35.04
	34.78
	35.42
	34.72
	34.85
	35.54
	35.22
	35.00

	Average: 34.5172
	Standard deviation: 0.719195

-> 87s
	35.23
	34.93
	34.61
	35.44
	34.60
	35.40
	34.96
	34.77
	34.92
	34.65
	34.86
	34.60
	35.54
	34.86
	34.87
	34.79
	34.55
	35.50
	34.49
	35.01
	35.50
	34.71
	35.32
	34.80
	34.63
	35.54
	34.66
	34.68
	34.68

	Average: 34.3103
	Standard deviation: 0.557086

-> 88s
	34.73
	34.74
	34.67
	34.49
	34.78
	35.69
	34.59
	34.84
	35.28
	34.50
	34.73
	34.99
	34.46
	35.42
	34.60
	34.52
	34.68
	34.68
	34.62
	35.22
	34.82
	35.48
	35.47
	34.89
	35.59
	34.64
	35.49
	34.59
	35.48

	Average: 34.3103
	Standard deviation: 0.557086

-> 89s
	34.92
	34.79
	35.45
	34.93
	35.39
	35.30
	34.64
	34.68
	35.42
	34.61
	35.45
	34.69
	35.42
	34.64
	34.61
	34.90
	35.33
	34.81
	35.08
	34.91
	34.54
	34.79
	35.32
	34.72
	35.33
	35.45
	35.21
	35.01
	34.77

	Average: 34.4483
	Standard deviation: 0.669534

-> 90s
	34.93
	34.69
	35.05
	35.18
	34.82
	35.09
	34.69
	34.96
	34.62
	34.69
	34.51
	34.77
	35.37
	35.93
	35.49
	34.63
	34.50
	34.76
	35.32
	35.82
	34.63
	34.60
	35.38
	34.54
	34.75
	34.58
	35.73
	35.65
	34.60

	Average: 34.3793
	Standard deviation: 0.615882

-> 91s
	35.24
	34.80
	34.48
	35.51
	34.87
	35.38
	35.46
	34.68
	35.14
	34.84
	34.73
	35.56
	35.26
	35.19
	34.82
	35.50
	34.85
	35.44
	34.72
	34.64
	35.22
	34.54
	35.24
	34.32
	35.04
	34.93
	34.78
	34.66
	34.62

	Average: 34.4483
	Standard deviation: 0.669534

-> 92s
	34.66
	35.13
	34.86
	34.46
	34.63
	34.75
	34.47
	34.87
	34.71
	35.27
	34.49
	34.85
	35.43
	34.92
	35.25
	34.69
	34.74
	34.90
	35.11
	34.69
	34.73
	35.77
	35.34
	35.29
	34.90
	34.70
	34.52
	34.42
	35.59

	Average: 34.3103
	Standard deviation: 0.557086

-> 93s
	34.65
	35.67
	35.43
	34.93
	35.11
	35.37
	34.56
	34.71
	35.63
	34.78
	34.69
	34.63
	35.37
	34.88
	34.98
	34.59
	35.56
	34.67
	35.44
	35.00
	34.84
	34.84
	34.68
	35.47
	34.50
	34.62
	35.48
	35.01
	34.85

	Average: 34.4138
	Standard deviation: 0.643268

-> 94s
	34.79
	34.99
	34.82
	34.40
	34.92
	35.69
	34.93
	34.69
	35.13
	35.40
	35.64
	34.67
	35.15
	35.24
	35.18
	34.80
	34.49
	35.51
	34.97
	35.24
	35.51
	34.38
	34.76
	35.27
	34.91
	34.41
	35.57
	34.55
	34.72

	Average: 34.4138
	Standard deviation: 0.643268

-> 95s
	35.32
	34.97
	35.25
	34.52
	35.03
	35.43
	35.51
	34.76
	35.50
	34.79
	34.69
	35.30
	34.45
	34.71
	34.83
	34.74
	34.78
	35.71
	35.41
	34.76
	34.77
	34.40
	34.82
	34.91
	35.22
	35.30
	35.65
	35.29
	34.86

	Average: 34.4483
	Standard deviation: 0.669534

-> 96s
	35.40
	35.64
	34.98
	35.37
	34.71
	34.73
	35.43
	34.80
	34.98
	34.86
	35.25
	35.79
	34.76
	34.73
	35.30
	34.71
	35.61
	35.48
	35.55
	35.08
	35.13
	35.63
	35.46
	34.71
	34.80
	34.53
	35.14
	34.79
	34.86

	Average: 34.5172
	Standard deviation: 0.719195

-> 97s
	34.92
	34.96
	35.35
	34.57
	34.78
	34.71
	34.84
	34.81
	35.07
	34.71
	34.56
	34.68
	35.45
	35.64
	35.46
	34.88
	35.34
	35.35
	34.81
	34.66
	34.76
	34.62
	34.99
	34.52
	34.59
	34.94
	35.26
	34.59
	34.62

	Average: 34.2759
	Standard deviation: 0.525226

-> 98s
	34.69
	34.84
	34.28
	34.70
	34.96
	34.93
	35.33
	34.86
	35.47
	35.49
	34.57
	34.24
	35.10
	34.69
	34.74
	34.67
	35.21
	34.93
	35.43
	34.59
	34.78
	35.56
	34.44
	34.89
	35.67
	35.29
	34.74
	35.23
	34.82

	Average: 34.3448
	Standard deviation: 0.58722

-> 99s
	34.58
	35.43
	34.79
	34.65
	35.43
	34.57
	35.40
	34.52
	34.68
	34.72
	34.67
	35.26
	34.59
	35.23
	34.59
	34.98
	34.58
	35.17
	35.05
	34.85
	34.81
	34.79
	34.82
	35.15
	35.06
	34.65
	34.87
	34.75
	34.53

	Average: 34.3103
	Standard deviation: 0.557086

-> 100s
	34.57
	34.90
	35.33
	35.51
	34.46
	34.77
	35.47
	35.48
	34.53
	34.70
	35.27
	34.67
	35.23
	34.22
	34.54
	34.75
	35.59
	34.53
	35.18
	34.97
	35.00
	34.90
	35.25
	35.21
	34.62
	34.95
	34.80
	35.19
	34.85

	Average: 34.4138
	Standard deviation: 0.643268

-> 101s
	35.02
	35.51
	35.55
	34.91
	34.30
	34.44
	34.91
	34.79
	35.51
	34.65
	35.21
	34.95
	34.71
	34.42
	34.57
	34.78
	35.27
	34.82
	34.90
	34.65
	34.62
	34.62
	34.37
	34.81
	35.26
	34.85
	34.84
	34.47
	34.25

	Average: 34.2414
	Standard deviation: 0.491304

-> 102s
	35.09
	35.56
	35.53
	35.52
	35.60
	34.78
	34.97
	35.46
	34.50
	34.98
	35.35
	35.52
	34.75
	35.64
	34.91
	34.47
	35.22
	34.70
	35.00
	35.24
	34.85
	34.79
	34.68
	35.46
	34.95
	34.72
	34.71
	34.71
	35.41

	Average: 34.4828
	Standard deviation: 0.694808

-> 103s
	34.66
	34.51
	34.87
	34.42
	35.10
	34.96
	35.36
	35.53
	35.67
	35.63
	34.85
	34.89
	34.77
	35.21
	35.37
	34.66
	34.77
	34.78
	35.29
	34.84
	34.73
	35.13
	34.59
	35.68
	35.07
	34.55
	35.38
	35.62
	35.33

	Average: 34.4828
	Standard deviation: 0.694808

-> 104s
	34.80
	35.45
	34.73
	35.40
	34.58
	34.97
	35.13
	35.84
	34.64
	35.31
	34.42
	35.46
	34.73
	34.40
	34.65
	34.64
	34.88
	34.84
	34.87
	34.73
	35.24
	34.61
	35.41
	34.79
	35.10
	34.89
	34.75
	34.40
	35.31

	Average: 34.3448
	Standard deviation: 0.58722

-> 105s
	34.89
	35.32
	34.62
	34.52
	34.75
	34.86
	34.63
	34.30
	34.52
	34.68
	34.48
	34.97
	34.49
	34.67
	34.95
	34.57
	34.85
	34.82
	35.52
	35.35
	34.77
	34.72
	35.14
	35.43
	35.00
	35.37
	34.89
	35.30
	34.78

	Average: 34.2759
	Standard deviation: 0.525226

-> 106s
	34.87
	34.85
	35.72
	35.43
	35.30
	34.85
	35.42
	35.07
	35.53
	35.32
	34.93
	35.23
	34.78
	35.43
	34.67
	34.74
	34.62
	34.37
	34.91
	34.92
	34.96
	34.61
	35.10
	35.28
	34.85
	34.77
	35.13
	34.69
	34.79

	Average: 34.4138
	Standard deviation: 0.643268

-> 107s
	34.63
	34.77
	34.45
	34.85
	35.53
	35.53
	35.37
	34.93
	34.69
	35.45
	35.19
	35.01
	34.29
	34.61
	34.98
	34.72
	35.46
	35.58
	34.43
	34.57
	34.66
	35.63
	34.40
	35.07
	35.21
	35.59
	34.53
	35.61
	35.34

	Average: 34.4828
	Standard deviation: 0.694808

-> 108s
	34.73
	34.62
	35.40
	34.95
	35.61
	35.44
	34.79
	35.35
	34.67
	35.29
	35.10
	34.59
	34.85
	34.78
	35.78
	35.29
	34.93
	34.62
	34.96
	35.07
	35.40
	35.59
	35.05
	34.66
	35.60
	34.78
	35.30
	34.95
	35.25

	Average: 34.5172
	Standard deviation: 0.719195

-> 109s
	34.83
	35.34
	34.77
	34.54
	34.84
	34.99
	34.92
	34.51
	34.84
	35.23
	35.53
	35.62
	34.83
	34.51
	35.67
	35.22
	34.81
	34.54
	34.70
	34.67
	34.62
	35.37
	34.80
	34.72
	35.30
	34.67
	34.72
	35.36
	34.72

	Average: 34.3103
	Standard deviation: 0.557086

-> 110s
	34.74
	34.78
	34.73
	34.59
	34.90
	35.31
	35.63
	35.55
	34.62
	35.48
	34.64
	34.86
	34.52
	35.06
	34.85
	34.72
	35.31
	34.94
	34.66
	34.72
	34.98
	34.78
	34.60
	34.43
	34.56
	34.98
	34.67
	35.13
	34.81

	Average: 34.2414
	Standard deviation: 0.491304

-> 111s
	34.62
	34.55
	34.53
	34.78
	35.20
	35.47
	35.27
	34.61
	34.84
	35.37
	34.32
	34.27
	35.09
	34.81
	34.80
	35.16
	34.28
	35.22
	35.29
	34.86
	34.69
	34.79
	35.51
	34.71
	34.76
	35.52
	35.33
	34.93
	35.21

	Average: 34.4138
	Standard deviation: 0.643268

-> 112s
	35.19
	35.62
	34.77
	34.83
	35.20
	34.70
	34.78
	34.54
	35.55
	35.52
	34.98
	34.78
	35.41
	34.88
	34.71
	34.80
	35.21
	35.44
	35.44
	34.66
	34.88
	35.44
	34.96
	35.18
	35.38
	35.65
	35.37
	35.48
	34.97

	Average: 34.5172
	Standard deviation: 0.719195

-> 113s
	35.11
	34.69
	35.70
	35.52
	35.54
	34.69
	35.56
	35.34
	35.48
	34.62
	35.11
	35.13
	35.56
	34.73
	34.71
	35.20
	35.00
	34.29
	34.85
	34.64
	34.85
	35.21
	34.88
	34.67
	35.34
	34.92
	35.44
	34.94
	35.51

	Average: 34.5517
	Standard deviation: 0.742781

-> 114s
	34.54
	34.81
	34.72
	34.99
	34.58
	35.39
	34.37
	34.69
	34.81
	35.21
	34.68
	35.60
	34.63
	34.60
	35.55
	34.53
	35.04
	34.86
	35.50
	34.85
	35.18
	35.01
	35.34
	34.98
	35.56
	35.43
	34.76
	35.43
	35.63

	Average: 34.4483
	Standard deviation: 0.669534

-> 115s
	35.35
	34.84
	34.69
	35.40
	34.49
	34.77
	34.57
	34.94
	35.03
	35.13
	35.76
	35.00
	34.77
	35.41
	34.82
	35.42
	35.38
	35.56
	35.67
	34.59
	35.40
	35.74
	34.86
	34.69
	35.37
	35.36
	34.90
	34.59
	35.43

	Average: 34.5517
	Standard deviation: 0.742781

-> 116s
	34.89
	35.25
	35.75
	34.67
	34.66
	35.56
	34.68
	35.14
	34.86
	34.58
	35.62
	34.86
	35.41
	34.86
	35.21
	34.60
	34.74
	34.74
	34.75
	35.56
	35.40
	35.69
	35.72
	35.39
	34.97
	34.88
	35.15
	34.80
	35.26

	Average: 34.4828
	Standard deviation: 0.694808

-> 117s
	34.67
	34.54
	34.43
	34.75
	34.63
	34.65
	35.05
	34.75
	35.76
	34.60
	34.75
	34.62
	34.70
	34.57
	35.23
	34.64
	34.77
	34.67
	35.35
	34.80
	35.42
	35.39
	34.67
	34.37
	34.77
	34.71
	34.80
	35.08
	34.98

	Average: 34.2414
	Standard deviation: 0.491304

-> 118s
	35.13
	34.85
	35.46
	34.60
	34.82
	35.02
	35.43
	35.23
	35.09
	34.63
	35.04
	35.66
	35.03
	34.41
	34.85
	34.53
	35.57
	35.40
	34.65
	34.62
	34.73
	35.43
	35.39
	35.47
	34.86
	35.51
	34.63
	34.76
	35.75

	Average: 34.5517
	Standard deviation: 0.742781

-> 119s
	34.82
	35.17
	35.81
	34.96
	34.83
	34.80
	34.85
	35.17
	34.53
	34.89
	35.20
	34.74
	35.48
	34.93
	34.96
	34.67
	34.67
	34.84
	34.67
	34.83
	35.42
	35.12
	35.21
	35.48
	34.96
	35.40
	34.46
	34.87
	35.39

	Average: 34.3793
	Standard deviation: 0.615882

-> 120s
	35.04
	35.29
	34.78
	34.86
	35.40
	35.53
	34.73
	35.47
	35.20
	34.77
	34.72
	35.23
	35.54
	34.96
	35.04
	34.82
	34.48
	35.31
	34.65
	34.77
	34.49
	34.83
	35.31
	35.43
	34.81
	34.63
	35.10
	34.89
	34.90

	Average: 34.4483
	Standard deviation: 0.669534

-> 121s
	35.46
	34.89
	34.48
	34.53
	34.44
	35.11
	34.67
	34.85
	34.59
	35.33
	34.56
	35.32
	35.05
	35.35
	34.86
	34.64
	34.88
	34.96
	35.24
	34.84
	35.54
	34.76
	35.50
	35.53
	35.08
	34.84
	35.37
	35.17
	34.81

	Average: 34.4483
	Standard deviation: 0.669534

-> 122s
	34.87
	35.24
	34.53
	34.68
	34.47
	35.45
	35.64
	35.61
	34.86
	35.18
	34.81
	35.22
	35.01
	35.28
	34.73
	35.22
	34.96
	34.63
	34.72
	35.37
	35.22
	34.79
	35.55
	35.19
	35.41
	35.11
	35.14
	34.84
	35.45

	Average: 34.5862
	Standard deviation: 0.765641

-> 123s
	34.47
	34.98
	34.21
	35.16
	34.85
	35.60
	35.46
	34.76
	35.12
	34.94
	35.41
	34.59
	35.51
	35.36
	34.76
	34.99
	35.12
	35.18
	35.08
	35.37
	35.23
	34.62
	34.80
	34.68
	34.42
	34.81
	35.61
	34.90
	35.06

	Average: 34.4828
	Standard deviation: 0.694808

-> 124s
	34.95
	35.45
	35.50
	34.90
	34.45
	35.55
	34.95
	35.51
	34.78
	34.55
	35.50
	35.29
	34.82
	34.67
	35.30
	35.48
	34.70
	34.66
	35.30
	34.69
	35.59
	35.27
	35.47
	34.75
	34.90
	35.13
	35.50
	34.86
	35.53

	Average: 34.5172
	Standard deviation: 0.719195

-> 125s
	35.07
	35.08
	35.33
	35.61
	34.70
	35.26
	35.05
	34.67
	35.28
	35.63
	34.53
	34.73
	35.05
	34.93
	35.26
	35.01
	35.62
	35.34
	34.96
	35.36
	34.63
	35.37
	34.70
	34.66
	35.58
	35.35
	35.04
	35.40
	34.56

	Average: 34.6552
	Standard deviation: 0.809427

-> 126s
	35.48
	35.46
	34.76
	34.80
	34.60
	35.53
	35.68
	35.16
	34.77
	35.36
	35.75
	35.25
	34.73
	34.65
	35.58
	35.39
	34.79
	34.67
	34.87
	34.68
	35.67
	35.08
	35.46
	34.77
	34.51
	34.66
	35.07
	34.73
	35.48

	Average: 34.5172
	Standard deviation: 0.719195

-> 127s
	34.66
	34.75
	34.63
	34.83
	34.22
	34.66
	34.23
	35.01
	35.44
	34.89
	35.15
	34.78
	35.38
	35.46
	34.49
	34.42
	34.06
	34.83
	35.31
	34.70
	34.96
	34.88
	35.23
	34.71
	34.80
	35.06
	34.97
	35.26
	34.61

	Average: 34.3103
	Standard deviation: 0.557086

-> 128s
	34.69
	34.60
	34.55
	34.81
	34.53
	34.69
	35.55
	34.88
	35.04
	35.42
	34.92
	35.49
	34.86
	35.24
	34.98
	35.12
	34.62
	35.32
	34.73
	35.66
	35.62
	34.74
	35.15
	34.91
	34.91
	35.14
	34.48
	35.08
	35.48

	Average: 34.4483
	Standard deviation: 0.669534

-> 129s
	35.41
	35.35
	34.77
	35.43
	35.73
	35.48
	34.92
	34.85
	35.01
	35.39
	35.64
	34.55
	35.39
	34.77
	35.57
	34.77
	34.65
	35.20
	35.10
	34.91
	34.91
	34.71
	34.54
	35.32
	34.36
	34.81
	34.95
	34.46
	34.95

	Average: 34.4483
	Standard deviation: 0.669534

-> 130s
	34.95
	34.86
	34.71
	34.98
	35.39
	35.04
	35.09
	34.90
	34.84
	34.83
	34.61
	35.43
	34.59
	34.53
	34.82
	34.30
	35.02
	35.53
	34.75
	35.04
	35.15
	34.79
	34.60
	34.65
	34.66
	34.83
	35.21
	34.57
	34.93

	Average: 34.3103
	Standard deviation: 0.557086

-> 131s
	34.81
	34.38
	34.71
	35.52
	34.85
	34.67
	34.93
	34.84
	34.91
	34.89
	34.50
	34.78
	34.79
	34.51
	34.83
	35.52
	35.44
	34.93
	34.93
	34.80
	35.52
	34.58
	35.47
	34.83
	35.12
	34.93
	34.58
	34.83
	35.45

	Average: 34.2414
	Standard deviation: 0.491304

-> 132s
	34.80
	35.36
	34.72
	35.40
	34.85
	34.78
	34.99
	34.67
	34.98
	35.28
	34.67
	35.63
	34.55
	35.31
	35.02
	34.42
	35.49
	35.10
	35.15
	34.74
	34.66
	34.79
	34.82
	34.83
	35.09
	34.71
	34.93
	34.88
	34.69

	Average: 34.3448
	Standard deviation: 0.58722

-> 133s
	34.81
	35.22
	34.79
	34.78
	34.96
	34.68
	35.06
	34.83
	34.70
	34.60
	34.38
	35.52
	34.42
	34.47
	35.19
	34.48
	34.88
	35.35
	34.80
	34.88
	35.42
	34.86
	35.28
	34.59
	34.87
	35.23
	34.82
	35.29
	35.43

	Average: 34.3448
	Standard deviation: 0.58722

-> 134s
	35.00
	35.49
	35.46
	34.87
	34.64
	34.82
	34.82
	35.35
	34.65
	34.71
	34.54
	35.33
	34.70
	34.62
	35.72
	35.27
	34.82
	34.36
	34.82
	34.70
	35.24
	34.58
	35.46
	35.08
	34.74
	35.29
	34.74
	34.81
	34.50

	Average: 34.3793
	Standard deviation: 0.615882

-> 135s
	34.73
	35.22
	34.71
	35.31
	34.50
	34.63
	34.76
	35.08
	34.88
	34.84
	34.53
	34.76
	35.47
	35.64
	34.80
	34.70
	35.00
	34.99
	35.47
	34.69
	35.38
	34.71
	34.57
	35.47
	34.63
	35.72
	34.76
	35.33
	35.28

	Average: 34.4138
	Standard deviation: 0.643268

-> 136s
	35.44
	34.94
	35.20
	35.13
	35.01
	35.48
	34.74
	34.85
	35.38
	34.71
	35.62
	35.75
	35.39
	34.39
	34.83
	35.07
	34.54
	34.63
	34.90
	34.97
	34.70
	34.71
	34.76
	34.38
	34.82
	34.63
	34.69
	35.34
	35.55

	Average: 34.4138
	Standard deviation: 0.643268

-> 137s
	35.12
	36.23
	34.56
	34.68
	35.28
	34.71
	35.11
	35.12
	35.53
	35.47
	35.35
	34.62
	34.67
	34.75
	34.61
	34.78
	35.21
	34.78
	34.68
	35.49
	34.73
	35.47
	35.52
	34.71
	35.38
	35.56
	35.39
	34.70
	35.34

	Average: 34.5862
	Standard deviation: 0.809427

-> 138s
	35.93
	34.96
	34.70
	35.90
	34.55
	34.65
	34.81
	34.49
	35.46
	34.71
	34.55
	34.95
	35.63
	35.82
	35.22
	34.69
	34.54
	34.74
	35.41
	34.55
	34.89
	35.26
	34.61
	34.83
	34.64
	34.71
	34.53
	35.43
	34.67

	Average: 34.3103
	Standard deviation: 0.557086

-> 139s
	34.46
	34.85
	35.53
	34.70
	35.43
	34.70
	35.39
	34.66
	34.72
	34.91
	34.96
	34.92
	35.54
	34.87
	34.67
	35.42
	34.83
	35.00
	34.86
	35.64
	35.50
	35.56
	35.68
	34.62
	34.56
	34.68
	35.35
	34.69
	34.64

	Average: 34.3793
	Standard deviation: 0.615882

-> 140s
	34.79
	35.18
	34.80
	34.46
	34.90
	35.32
	35.06
	35.13
	35.40
	34.70
	35.37
	34.78
	35.34
	34.86
	34.47
	34.67
	35.11
	35.28
	34.83
	35.38
	34.98
	35.26
	35.51
	35.42
	34.83
	35.18
	35.63
	34.83
	35.32

	Average: 34.5517
	Standard deviation: 0.742781

-> 141s
	34.95
	34.57
	34.90
	34.76
	34.69
	34.96
	34.44
	35.46
	34.49
	34.84
	34.63
	34.76
	35.03
	35.53
	34.66
	35.31
	34.82
	35.27
	34.82
	35.50
	34.79
	34.33
	34.73
	35.54
	35.17
	35.87
	34.80
	34.56
	34.94

	Average: 34.3103
	Standard deviation: 0.557086

-> 142s
	35.03
	35.56
	34.77
	34.64
	35.25
	34.77
	35.48
	34.59
	34.78
	35.52
	35.31
	35.05
	34.72
	34.97
	35.22
	34.80
	35.15
	34.80
	35.18
	34.82
	34.52
	34.96
	35.25
	34.55
	34.98
	35.46
	34.83
	34.86
	35.07

	Average: 34.4483
	Standard deviation: 0.669534

-> 143s
	34.79
	34.59
	34.43
	34.94
	35.46
	35.49
	34.64
	34.84
	34.90
	34.82
	35.01
	35.42
	34.50
	34.83
	35.86
	35.53
	34.26
	34.95
	34.47
	34.54
	34.80
	34.69
	35.43
	34.61
	34.55
	34.45
	34.78
	34.41
	34.98

	Average: 34.2414
	Standard deviation: 0.491304

-> 144s
	34.73
	34.38
	35.78
	34.75
	34.52
	35.53
	34.85
	35.32
	35.69
	34.76
	34.35
	35.24
	35.34
	34.83
	34.85
	35.03
	34.75
	35.25
	34.55
	34.62
	34.54
	34.74
	34.70
	34.33
	35.58
	34.61
	35.74
	34.78
	34.53

	Average: 34.3448
	Standard deviation: 0.58722

-> 145s
	34.60
	34.97
	35.37
	34.96
	34.79
	35.52
	34.64
	35.46
	34.83
	35.34
	35.64
	34.67
	34.85
	34.78
	35.25
	35.44
	35.43
	35.57
	35.18
	34.57
	34.80
	34.57
	34.80
	34.52
	34.92
	34.99
	34.46
	34.64
	35.62

	Average: 34.3793
	Standard deviation: 0.615882

-> 146s
	34.54
	35.05
	35.17
	34.71
	34.76
	34.60
	35.43
	34.64
	34.59
	35.32
	34.68
	34.62
	34.56
	34.73
	34.29
	34.38
	34.68
	35.03
	34.52
	34.59
	34.12
	35.35
	35.25
	34.45
	34.69
	34.48
	34.82
	35.34
	34.82

	Average: 34.2759
	Standard deviation: 0.525226

-> 147s
	34.59
	34.68
	34.68
	34.11
	34.99
	35.51
	34.73
	35.47
	34.70
	34.65
	34.48
	34.77
	35.40
	34.79
	35.19
	34.77
	35.44
	34.86
	35.48
	34.44
	35.54
	34.71
	35.23
	35.22
	35.12
	35.37
	35.74
	34.61
	34.96

	Average: 34.4138
	Standard deviation: 0.643268

-> 148s
	34.67
	35.76
	34.61
	34.74
	35.47
	35.07
	35.04
	34.65
	34.89
	34.85
	34.59
	34.97
	35.29
	34.78
	35.46
	34.88
	34.50
	34.39
	35.61
	34.76
	34.53
	34.86
	34.87
	34.74
	35.52
	34.67
	34.72
	34.76
	35.35

	Average: 34.3103
	Standard deviation: 0.557086

-> 149s
	34.98
	34.85
	34.55
	35.37
	34.86
	35.30
	34.84
	34.85
	35.48
	34.69
	34.76
	34.63
	35.07
	35.14
	34.61
	34.93
	34.91
	34.76
	34.68
	35.32
	34.90
	35.53
	35.37
	34.96
	35.24
	35.37
	34.59
	35.87
	35.36

	Average: 34.4138
	Standard deviation: 0.643268

-> 150s
	34.83
	34.91
	34.73
	35.63
	35.34
	34.74
	35.02
	34.58
	35.76
	35.38
	34.94
	34.48
	35.33
	34.73
	35.16
	35.15
	35.04
	34.63
	35.55
	34.55
	34.94
	35.01
	34.88
	35.19
	34.71
	34.59
	34.62
	34.97
	35.29

	Average: 34.4483
	Standard deviation: 0.669534

-> 151s
	35.45
	34.51
	34.75
	35.41
	34.93
	35.38
	35.44
	35.41
	35.41
	34.74
	35.60
	34.85
	35.23
	34.92
	35.15
	34.58
	35.51
	35.43
	34.65
	35.50
	34.68
	34.48
	34.35
	35.00
	34.43
	34.63
	34.82
	35.51
	35.32

	Average: 34.5172
	Standard deviation: 0.719195

-> 152s
	34.57
	34.98
	34.68
	35.15
	35.42
	34.80
	35.39
	34.87
	35.48
	34.99
	35.19
	34.47
	34.66
	35.26
	34.88
	34.67
	34.43
	34.94
	35.40
	35.07
	34.80
	35.60
	34.73
	35.26
	34.61
	35.32
	35.34
	35.58
	35.08

	Average: 34.4828
	Standard deviation: 0.694808

-> 153s
	35.22
	34.85
	35.45
	35.61
	34.62
	35.22
	34.75
	34.59
	35.47
	34.78
	35.48
	35.58
	35.40
	35.00
	34.85
	35.03
	35.05
	34.82
	34.48
	35.41
	34.90
	35.19
	35.05
	34.99
	35.32
	34.91
	35.30
	34.82
	35.27

	Average: 34.5862
	Standard deviation: 0.765641

-> 154s
	35.09
	34.89
	34.40
	35.09
	34.79
	34.69
	35.02
	35.60
	34.75
	35.41
	34.77
	35.55
	34.62
	35.47
	34.69
	35.35
	34.66
	34.82
	35.35
	34.86
	35.21
	34.64
	34.89
	35.24
	34.56
	35.01
	35.44
	34.67
	35.60

	Average: 34.4828
	Standard deviation: 0.694808

-> 155s
	35.32
	34.80
	35.36
	34.58
	34.71
	35.53
	34.65
	34.56
	35.49
	34.93
	35.48
	34.64
	34.92
	34.89
	34.53
	35.40
	35.29
	34.85
	35.17
	34.85
	34.62
	34.74
	34.56
	34.60
	34.76
	35.44
	34.59
	35.11
	34.83

	Average: 34.3448
	Standard deviation: 0.58722

-> 156s
	34.81
	34.80
	34.87
	34.49
	34.77
	34.75
	35.14
	34.62
	35.01
	35.50
	35.23
	34.65
	35.03
	34.65
	34.72
	34.58
	34.66
	34.44
	35.56
	35.41
	34.64
	34.48
	34.72
	35.49
	35.83
	34.63
	34.94
	34.75
	35.54

	Average: 34.3448
	Standard deviation: 0.58722

-> 157s
	34.76
	34.85
	34.83
	35.26
	34.80
	34.78
	34.36
	35.57
	34.60
	35.44
	34.63
	34.70
	34.91
	35.07
	34.75
	34.49
	35.48
	35.34
	34.60
	34.94
	35.29
	34.62
	34.87
	34.92
	34.84
	34.72
	34.90
	34.98
	34.59

	Average: 34.2414
	Standard deviation: 0.491304

-> 158s
	35.58
	35.33
	34.75
	34.55
	34.80
	34.74
	35.26
	34.75
	34.51
	35.49
	35.29
	34.98
	35.53
	34.53
	34.52
	34.53
	34.89
	35.36
	34.29
	34.70
	35.23
	34.79
	35.05
	34.44
	34.35
	35.13
	34.44
	34.57
	34.74

	Average: 34.3448
	Standard deviation: 0.58722

-> 159s
	34.57
	35.32
	34.83
	34.69
	34.56
	35.35
	35.35
	34.98
	35.32
	34.39
	34.85
	35.46
	35.09
	35.70
	34.71
	35.32
	34.54
	34.78
	34.54
	34.81
	34.50
	34.76
	34.56
	34.58
	35.51
	34.84
	35.19
	35.04
	34.67

	Average: 34.3793
	Standard deviation: 0.615882

-> 160s
	34.77
	34.77
	35.44
	34.47
	35.08
	34.88
	34.70
	35.00
	34.80
	34.93
	34.56
	34.65
	34.68
	35.45
	35.38
	34.84
	35.51
	34.33
	34.81
	34.54
	35.71
	35.53
	35.67
	34.72
	35.38
	35.45
	35.75
	34.91
	34.79

	Average: 34.4138
	Standard deviation: 0.643268

-> 161s
	35.14
	35.71
	35.48
	35.44
	34.71
	34.65
	35.23
	35.10
	34.64
	34.64
	35.42
	35.54
	34.43
	34.54
	34.87
	34.42
	34.83
	35.38
	34.68
	34.75
	35.34
	35.00
	35.42
	35.37
	34.72
	34.67
	35.58
	35.42
	34.85

	Average: 34.5172
	Standard deviation: 0.719195

-> 162s
	35.52
	35.63
	35.45
	34.94
	34.61
	35.14
	34.96
	35.53
	35.36
	34.73
	34.78
	35.18
	34.86
	34.74
	35.14
	34.89
	34.80
	35.25
	35.47
	34.69
	34.80
	34.79
	34.58
	35.50
	35.55
	34.74
	35.22
	34.96
	35.46

	Average: 34.4828
	Standard deviation: 0.694808

-> 163s
	35.54
	35.46
	35.31
	34.63
	35.27
	34.84
	35.27
	34.89
	34.60
	35.40
	34.62
	35.29
	34.92
	34.47
	34.62
	34.88
	35.05
	34.69
	35.27
	34.78
	35.45
	34.69
	35.49
	35.32
	34.73
	34.72
	34.84
	35.12
	34.76

	Average: 34.4483
	Standard deviation: 0.669534

-> 164s
	35.22
	34.60
	34.79
	35.66
	34.70
	34.30
	34.62
	34.65
	34.61
	34.66
	35.59
	35.31
	34.68
	35.67
	34.74
	34.94
	34.60
	34.86
	34.58
	34.96
	35.30
	35.42
	34.85
	34.71
	34.64
	35.56
	35.17
	34.95
	35.36

	Average: 34.3448
	Standard deviation: 0.58722

-> 165s
	34.72
	35.46
	35.45
	34.45
	34.72
	34.77
	34.70
	34.23
	35.54
	35.47
	34.37
	35.11
	35.56
	35.30
	35.41
	35.72
	35.29
	34.98
	35.03
	34.85
	34.64
	34.58
	34.81
	35.38
	34.48
	34.71
	35.60
	34.61
	34.35

	Average: 34.4483
	Standard deviation: 0.669534

-> 166s
	35.01
	34.86
	34.55
	34.74
	35.55
	34.65
	34.86
	34.80
	34.96
	34.77
	34.85
	35.17
	34.70
	35.54
	35.37
	34.77
	34.97
	35.06
	35.26
	35.55
	34.85
	34.64
	35.73
	35.50
	35.31
	35.64
	34.74
	34.73
	35.49

	Average: 34.4483
	Standard deviation: 0.669534

-> 167s
	34.65
	35.70
	34.80
	35.53
	35.39
	34.74
	34.97
	34.75
	34.67
	34.70
	34.73
	35.42
	34.55
	34.60
	34.66
	34.88
	35.42
	34.50
	34.68
	34.88
	34.45
	35.74
	35.75
	35.36
	34.83
	35.26
	34.92
	34.72
	34.98

	Average: 34.3103
	Standard deviation: 0.557086

-> 168s
	35.16
	35.11
	35.14
	35.05
	35.18
	35.02
	34.59
	34.89
	35.37
	34.58
	34.50
	34.89
	35.46
	34.87
	34.69
	34.62
	35.31
	35.56
	34.93
	35.30
	34.82
	35.30
	34.83
	34.88
	34.96
	35.24
	35.48
	34.66
	34.77

	Average: 34.4828
	Standard deviation: 0.694808

-> 169s
	35.39
	34.71
	34.75
	35.42
	34.60
	34.78
	35.42
	35.27
	34.81
	35.12
	35.11
	34.86
	34.52
	34.45
	34.86
	34.74
	35.10
	34.82
	34.94
	34.48
	35.14
	34.61
	35.09
	35.68
	35.40
	35.41
	34.25
	34.72
	34.88

	Average: 34.4138
	Standard deviation: 0.643268

-> 170s
	34.68
	34.72
	35.64
	34.98
	35.78
	34.57
	35.45
	34.98
	34.61
	35.00
	34.74
	35.23
	34.92
	35.25
	34.58
	35.51
	34.55
	35.65
	34.70
	35.49
	34.72
	34.57
	35.51
	35.40
	34.98
	35.49
	34.48
	34.43
	34.69

	Average: 34.4138
	Standard deviation: 0.643268

-> 171s
	35.07
	35.59
	34.75
	34.80
	35.62
	34.75
	35.21
	34.68
	34.73
	35.52
	35.41
	35.39
	34.44
	35.41
	34.92
	35.76
	34.69
	34.84
	34.99
	35.09
	35.18
	35.53
	34.96
	34.60
	34.49
	35.40
	34.72
	34.55
	34.84

	Average: 34.4483
	Standard deviation: 0.669534

-> 172s
	35.21
	34.75
	35.60
	34.23
	34.51
	35.23
	35.46
	34.67
	34.85
	35.55
	34.61
	34.43
	34.89
	34.78
	35.36
	35.45
	35.60
	35.52
	34.72
	35.38
	34.82
	34.78
	35.39
	35.38
	34.68
	34.47
	34.92
	34.96
	35.49

	Average: 34.4483
	Standard deviation: 0.669534

-> 173s
	34.65
	35.02
	34.61
	34.57
	35.46
	34.59
	34.70
	35.41
	35.51
	34.61
	34.81
	34.75
	35.21
	35.09
	35.48
	34.73
	35.07
	35.12
	35.35
	35.44
	34.73
	34.48
	35.93
	34.78
	35.16
	34.53
	34.87
	35.61
	35.52

	Average: 34.5172
	Standard deviation: 0.719195

-> 174s
	34.71
	34.83
	35.18
	35.06
	35.26
	34.79
	35.72
	34.71
	35.47
	34.56
	34.78
	35.61
	35.01
	35.04
	35.30
	34.33
	34.90
	35.66
	34.78
	35.33
	34.86
	34.41
	34.67
	34.73
	34.84
	34.92
	35.25
	35.56
	35.68

	Average: 34.4828
	Standard deviation: 0.694808

-> 175s
	35.65
	34.82
	35.15
	35.48
	35.02
	34.58
	34.70
	34.45
	34.50
	34.66
	34.72
	34.72
	34.46
	34.60
	35.05
	34.64
	34.51
	34.94
	34.89
	35.19
	34.40
	34.67
	35.15
	34.62
	34.96
	35.64
	34.49
	34.68
	34.59

	Average: 34.2759
	Standard deviation: 0.525226

-> 176s
	35.52
	34.83
	35.27
	35.45
	34.98
	35.37
	35.45
	34.90
	34.85
	34.77
	35.29
	34.84
	34.53
	35.65
	35.50
	34.88
	34.78
	35.49
	34.95
	35.22
	34.71
	35.77
	34.71
	34.87
	35.06
	35.43
	34.52
	34.60
	35.83

	Average: 34.4828
	Standard deviation: 0.694808

-> 177s
	35.59
	34.90
	35.03
	34.82
	34.73
	35.11
	34.71
	34.55
	34.38
	34.80
	34.78
	35.45
	35.55
	34.69
	34.64
	34.66
	34.76
	34.42
	34.52
	34.74
	34.71
	35.06
	35.09
	35.13
	35.39
	34.50
	34.45
	35.03
	35.75

	Average: 34.3793
	Standard deviation: 0.615882

-> 178s
	34.53
	35.74
	34.60
	35.36
	35.12
	34.80
	35.24
	34.35
	34.75
	34.77
	34.89
	35.17
	35.42
	34.97
	35.26
	34.89
	35.38
	34.75
	34.55
	34.60
	34.70
	34.46
	34.98
	34.70
	35.26
	34.56
	34.53
	34.69
	35.05

	Average: 34.3448
	Standard deviation: 0.58722

-> 179s
	34.89
	34.55
	34.82
	34.56
	34.60
	34.74
	35.51
	35.30
	35.83
	35.60
	34.75
	35.06
	34.75
	35.06
	35.01
	34.87
	34.25
	35.42
	34.93
	35.34
	35.32
	34.90
	35.13
	34.88
	35.13
	34.73
	35.51
	35.01
	35.05

	Average: 34.5172
	Standard deviation: 0.719195

-> 180s
	35.49
	35.47
	35.64
	35.02
	34.83
	34.80
	35.19
	34.70
	35.52
	34.70
	34.57
	34.58
	34.64
	34.31
	35.77
	34.83
	34.77
	35.30
	34.65
	34.67
	34.75
	35.47
	35.55
	34.73
	35.23
	34.65
	34.75
	35.36
	34.64

	Average: 34.4138
	Standard deviation: 0.643268

-> 181s
	34.90
	34.62
	35.56
	35.52
	34.47
	34.74
	34.76
	35.59
	34.49
	34.67
	35.41
	35.44
	34.92
	35.38
	34.69
	34.75
	35.35
	35.01
	35.33
	35.45
	34.81
	35.29
	34.73
	34.91
	34.77
	35.38
	35.54
	35.64
	35.73

	Average: 34.5172
	Standard deviation: 0.719195

-> 182s
	34.74
	34.54
	35.24
	34.93
	35.36
	34.86
	35.49
	34.79
	35.37
	35.13
	35.60
	34.88
	34.70
	35.28
	34.94
	34.75
	34.97
	35.15
	34.79
	34.72
	34.58
	35.27
	34.75
	35.60
	34.73
	35.50
	35.35
	35.71
	35.62

	Average: 34.4828
	Standard deviation: 0.694808

-> 183s
	34.79
	35.21
	34.56
	34.67
	35.22
	35.21
	34.67
	34.52
	34.60
	34.81
	35.38
	34.65
	34.71
	35.63
	35.62
	34.69
	35.54
	35.11
	34.78
	35.59
	34.67
	34.73
	34.97
	34.74
	35.59
	34.49
	34.71
	35.32
	34.82

	Average: 34.3793
	Standard deviation: 0.615882

-> 184s
	34.80
	35.17
	34.82
	35.79
	34.56
	35.60
	35.06
	34.83
	35.48
	35.57
	34.65
	34.91
	35.23
	34.64
	35.69
	35.45
	34.70
	35.36
	35.01
	35.03
	34.99
	34.73
	35.38
	34.81
	35.47
	34.83
	35.04
	34.93
	35.27

	Average: 34.5517
	Standard deviation: 0.742781

-> 185s
	34.62
	34.85
	34.59
	34.62
	34.50
	34.82
	34.59
	34.69
	35.40
	34.29
	34.23
	34.54
	34.82
	35.04
	34.83
	34.80
	34.60
	35.40
	35.70
	35.40
	34.58
	34.63
	34.53
	35.39
	34.42
	34.52
	35.62
	34.47
	34.56

	Average: 34.2414
	Standard deviation: 0.491304

-> 186s
	34.77
	34.65
	34.70
	34.76
	34.67
	34.59
	34.61
	35.26
	34.61
	34.63
	35.11
	35.74
	34.25
	34.99
	34.72
	34.98
	34.55
	34.79
	35.48
	34.91
	35.52
	34.75
	34.76
	35.37
	34.90
	35.42
	34.78
	35.43
	35.61

	Average: 34.3103
	Standard deviation: 0.557086

-> 187s
	34.41
	34.66
	34.91
	35.18
	34.96
	34.72
	34.66
	35.25
	34.69
	35.29
	35.56
	34.87
	35.48
	34.84
	35.67
	34.70
	34.65
	35.43
	35.72
	35.46
	35.42
	35.59
	34.97
	35.36
	35.37
	34.71
	35.50
	34.46
	34.45

	Average: 34.4828
	Standard deviation: 0.694808

-> 188s
	34.98
	34.94
	35.26
	35.45
	34.86
	35.62
	35.63
	35.37
	34.93
	35.25
	34.81
	34.70
	35.33
	34.69
	35.50
	35.01
	34.73
	34.97
	34.62
	35.02
	35.55
	35.05
	34.77
	34.88
	34.93
	35.44
	34.90
	35.15
	34.49

	Average: 34.4828
	Standard deviation: 0.694808

-> 189s
	35.00
	34.45
	34.69
	34.71
	34.91
	34.96
	34.79
	35.09
	34.80
	34.78
	35.23
	34.66
	35.21
	34.78
	34.63
	35.56
	34.65
	34.79
	34.48
	34.38
	34.90
	34.51
	34.77
	35.06
	35.66
	34.81
	34.87
	35.17
	34.90

	Average: 34.2759
	Standard deviation: 0.525226

-> 190s
	35.01
	34.75
	34.75
	34.77
	34.68
	34.55
	35.47
	34.75
	34.62
	35.36
	34.63
	35.55
	35.40
	34.94
	35.36
	34.48
	34.83
	34.75
	34.68
	35.41
	34.88
	35.03
	34.92
	34.80
	34.96
	35.45
	35.42
	35.16
	35.00

	Average: 34.4138
	Standard deviation: 0.643268

-> 191s
	34.91
	34.88
	34.86
	35.56
	35.15
	35.10
	35.33
	34.70
	35.11
	34.94
	35.23
	34.95
	35.44
	34.87
	35.23
	34.58
	34.70
	34.69
	35.46
	35.03
	35.78
	35.11
	35.16
	35.17
	35.55
	34.62
	35.44
	34.85
	35.44

	Average: 34.5862
	Standard deviation: 0.765641

-> 192s
	35.03
	35.26
	34.70
	34.72
	35.57
	35.24
	34.83
	35.60
	35.53
	34.65
	34.50
	34.64
	35.20
	34.76
	35.26
	35.59
	35.55
	34.49
	34.76
	34.54
	34.55
	35.19
	35.01
	35.21
	35.47
	34.84
	35.47
	34.48
	35.51

	Average: 34.5517
	Standard deviation: 0.742781

-> 193s
	35.03
	34.75
	34.55
	34.96
	34.87
	35.11
	35.19
	35.55
	35.36
	35.03
	34.78
	35.49
	35.64
	35.02
	34.72
	35.61
	34.85
	34.94
	34.71
	35.11
	34.79
	34.94
	35.51
	35.17
	34.69
	34.75
	34.75
	35.36
	35.56

	Average: 34.5172
	Standard deviation: 0.719195

-> 194s
	34.37
	34.94
	34.68
	34.64
	35.46
	34.63
	34.82
	35.29
	34.74
	34.82
	35.48
	34.48
	34.74
	34.75
	35.26
	34.64
	35.85
	34.97
	34.99
	34.68
	34.82
	34.81
	34.87
	34.99
	34.83
	34.69
	34.90
	35.54
	34.91

	Average: 34.2069
	Standard deviation: 0.454859

-> 195s
	35.47
	35.18
	35.50
	34.56
	34.68
	34.27
	34.87
	34.81
	35.91
	35.70
	34.58
	34.41
	34.84
	34.61
	35.38
	35.44
	35.45
	34.86
	35.23
	35.05
	35.41
	34.72
	34.80
	34.50
	34.35
	34.96
	35.50
	34.60
	34.62

	Average: 34.4138
	Standard deviation: 0.643268

-> 196s
	34.76
	35.46
	35.13
	35.29
	35.56
	34.60
	34.98
	34.74
	35.01
	34.79
	34.57
	35.40
	34.60
	35.58
	34.71
	34.78
	35.37
	34.91
	35.17
	34.92
	35.31
	35.35
	34.89
	34.64
	34.47
	35.07
	34.55
	34.69
	34.70

	Average: 34.4138
	Standard deviation: 0.643268

-> 197s
	35.47
	35.67
	34.65
	34.92
	35.24
	34.90
	35.19
	34.85
	34.88
	34.92
	34.99
	34.93
	35.60
	34.57
	34.61
	34.66
	35.49
	34.38
	35.76
	35.60
	34.57
	35.44
	34.85
	35.28
	34.59
	34.78
	35.38
	34.57
	35.46

	Average: 34.4138
	Standard deviation: 0.643268

-> 198s
	34.81
	34.86
	35.43
	35.45
	35.10
	35.18
	35.58
	34.98
	35.06
	35.22
	34.73
	34.70
	35.51
	34.66
	34.80
	34.89
	34.82
	34.77
	34.82
	34.87
	34.64
	34.62
	35.27
	35.90
	35.28
	34.74
	34.81
	34.44
	35.50

	Average: 34.4138
	Standard deviation: 0.643268

-> 199s
	34.81
	35.54
	34.81
	35.18
	34.81
	35.51
	34.88
	35.16
	34.69
	35.45
	34.64
	35.53
	34.92
	35.18
	35.32
	35.48
	34.80
	34.54
	35.41
	35.42
	35.63
	34.58
	35.28
	34.81
	35.09
	35.31
	35.49
	35.52
	34.73

	Average: 34.5862
	Standard deviation: 0.765641

-> 200s
	35.51
	34.59
	34.96
	35.20
	34.80
	35.24
	34.86
	34.98
	34.57
	34.93
	35.27
	35.72
	34.59
	34.85
	34.57
	34.70
	35.34
	35.00
	35.02
	34.65
	35.28
	35.77
	34.67
	35.41
	35.51
	34.52
	34.82
	35.01
	34.81

	Average: 34.4483
	Standard deviation: 0.669534

-> 201s
	34.64
	34.66
	35.12
	34.39
	34.54
	35.44
	34.63
	35.58
	34.50
	34.71
	35.39
	34.97
	35.24
	34.78
	34.80
	35.07
	34.72
	34.54
	34.55
	34.78
	35.00
	35.10
	34.84
	35.06
	35.06
	34.91
	34.57
	34.94
	35.31

	Average: 34.3793
	Standard deviation: 0.615882

-> 202s
	35.04
	34.56
	34.76
	35.31
	34.65
	35.43
	35.45
	34.77
	35.49
	35.34
	34.91
	35.27
	35.77
	34.93
	35.12
	35.18
	34.99
	35.46
	35.44
	34.80
	35.09
	35.00
	34.75
	35.60
	35.24
	34.65
	34.86
	35.26
	34.74

	Average: 34.5862
	Standard deviation: 0.765641

-> 203s
	35.42
	34.93
	35.25
	35.71
	35.48
	34.78
	34.71
	34.57
	35.46
	34.54
	35.58
	35.41
	34.79
	35.50
	35.19
	34.76
	34.51
	34.74
	34.66
	35.48
	34.96
	34.40
	35.05
	35.44
	34.88
	35.53
	34.80
	35.37
	34.78

	Average: 34.4828
	Standard deviation: 0.694808

-> 204s
	35.27
	34.83
	35.21
	35.50
	34.89
	34.57
	34.42
	34.55
	34.85
	35.69
	35.40
	34.77
	34.79
	34.78
	34.83
	34.33
	34.60
	34.85
	34.44
	34.77
	34.49
	34.83
	34.67
	35.42
	34.57
	34.99
	34.54
	37.87
	35.25

	Average: 34.3448
	Standard deviation: 0.742781

-> 205s
	34.50
	34.98
	35.62
	34.54
	34.86
	34.38
	34.52
	35.68
	34.64
	34.56
	34.76
	34.71
	34.36
	34.96
	34.71
	34.93
	34.53
	34.82
	34.59
	34.58
	35.40
	34.72
	34.68
	35.16
	34.50
	34.81
	34.76
	35.53
	34.77

	Average: 34.1724
	Standard deviation: 0.415227

-> 206s
	35.42
	35.26
	34.83
	35.47
	35.52
	35.40
	34.94
	34.59
	34.74
	35.39
	35.32
	35.89
	34.60
	35.59
	34.59
	34.72
	35.04
	35.05
	34.82
	34.79
	34.99
	34.68
	34.79
	34.61
	34.91
	34.92
	247.58

	Average: 42.2963
	Standard deviation: 40.1497

-> 207s
	34.88
	35.46
	35.45
	34.71
	34.52
	34.62
	34.92
	35.30
	34.22
	34.81
	34.86
	34.48
	34.85
	34.89
	35.64
	34.63
	34.71
	35.39
	34.83
	35.47
	34.80
	35.28
	34.55
	35.51
	34.72
	35.63
	35.41
	34.88
	35.30

	Average: 34.3793
	Standard deviation: 0.615882

-> 208s
	35.41
	35.62
	34.80
	35.23
	34.93
	35.31
	34.90
	35.41
	34.75
	35.41
	34.61
	35.34
	34.67
	34.70
	34.72
	35.37
	34.99
	35.40
	34.93
	34.57
	35.52
	35.39
	34.72
	35.24
	34.89
	35.36
	34.99
	35.30
	35.07

	Average: 34.5172
	Standard deviation: 0.719195

-> 209s
	34.29
	34.77
	34.80
	34.85
	35.17
	35.04
	35.34
	34.83
	35.12
	34.96
	34.70
	34.78
	34.84
	35.04
	34.77
	34.65
	34.59
	34.98
	35.28
	35.33
	34.41
	34.97
	34.52
	35.01
	35.64
	34.53
	34.54
	34.71
	34.93

	Average: 34.3103
	Standard deviation: 0.557086

-> 210s
	35.63
	35.05
	34.87
	35.09
	35.02
	35.54
	34.75
	35.62
	34.52
	35.47
	34.73
	35.39
	35.42
	35.84
	35.08
	34.75
	35.33
	34.67
	35.14
	35.09
	34.93
	34.69
	34.59
	34.95
	35.13
	35.77
	35.46
	34.61
	34.74

	Average: 34.5862
	Standard deviation: 0.765641

-> 211s
	35.57
	35.46
	35.31
	34.82
	35.48
	35.09
	35.16
	34.49
	34.66
	34.69
	34.42
	35.57
	34.51
	34.67
	34.73
	35.32
	35.45
	34.83
	34.65
	35.19
	35.54
	35.60
	34.68
	35.79
	34.54
	35.51
	34.69
	34.74
	34.76

	Average: 34.4828
	Standard deviation: 0.694808

-> 212s
	34.96
	35.22
	34.81
	34.78
	35.33
	34.59
	34.59
	34.80
	35.03
	35.00
	34.94
	34.61
	35.14
	35.80
	34.80
	34.51
	34.81
	34.88
	34.71
	34.86
	35.09
	34.65
	34.57
	35.40
	34.87
	35.12
	35.45
	34.78
	34.71

	Average: 34.3448
	Standard deviation: 0.58722

-> 213s
	34.84
	35.22
	35.62
	35.57
	35.60
	35.70
	35.44
	35.68
	34.84
	34.67
	35.22
	35.30
	34.74
	34.66
	35.48
	34.74
	34.56
	34.46
	34.89
	35.26
	35.68
	35.04
	35.08
	35.69
	35.58
	34.77
	35.17
	34.68
	35.68

	Average: 34.6207
	Standard deviation: 0.787839

-> 214s
	34.60
	34.86
	34.77
	35.06
	34.88
	34.87
	35.14
	35.09
	34.55
	34.39
	34.61
	34.96
	34.73
	34.67
	35.17
	34.91
	35.63
	35.53
	34.57
	35.52
	34.76
	34.59
	34.84
	34.25
	35.06
	34.73
	34.64
	34.35
	34.95

	Average: 34.2759
	Standard deviation: 0.525226

-> 215s
	34.62
	34.70
	34.52
	34.77
	35.55
	35.18
	35.01
	34.65
	35.26
	34.67
	34.97
	35.20
	35.33
	34.51
	35.34
	34.80
	34.81
	35.99
	34.55
	35.44
	35.41
	34.98
	34.31
	34.59
	34.94
	35.28
	35.58
	35.59
	34.85

	Average: 34.4483
	Standard deviation: 0.669534

-> 216s
	35.20
	34.82
	35.52
	34.73
	35.38
	34.78
	35.32
	34.61
	34.86
	35.38
	35.42
	34.80
	34.81
	35.45
	34.51
	34.62
	35.53
	34.49
	34.88
	34.48
	35.56
	34.62
	34.78
	35.38
	35.26
	34.56
	35.48
	34.70
	34.97

	Average: 34.4138
	Standard deviation: 0.643268

-> 217s
	34.81
	35.13
	34.79
	35.37
	34.43
	35.01
	35.23
	34.87
	35.32
	34.78
	34.35
	34.77
	34.95
	35.23
	34.57
	35.45
	34.69
	35.35
	35.43
	34.94
	34.66
	34.67
	34.75
	34.76
	34.73
	34.95
	34.71
	34.99
	34.64

	Average: 34.3103
	Standard deviation: 0.557086

-> 218s
	35.10
	35.32
	34.60
	34.77
	35.25
	34.99
	34.63
	35.22
	35.68
	34.58
	34.70
	35.33
	34.69
	34.65
	35.10
	35.19
	35.34
	34.83
	34.65
	34.90
	34.87
	34.67
	34.52
	34.77
	35.57
	34.52
	34.93
	34.97
	34.87

	Average: 34.3448
	Standard deviation: 0.58722

-> 219s
	35.26
	34.73
	35.25
	34.90
	34.99
	34.86
	34.74
	35.24
	35.00
	35.32
	34.67
	34.95
	35.57
	34.49
	35.04
	35.30
	34.83
	35.37
	35.46
	34.85
	34.94
	35.02
	35.60
	34.56
	35.47
	34.49
	35.43
	35.61
	34.99

	Average: 34.5172
	Standard deviation: 0.719195

-> 220s
	35.26
	34.48
	34.75
	34.71
	34.81
	34.74
	35.18
	34.90
	35.15
	34.82
	34.79
	34.31
	34.76
	34.70
	34.44
	34.75
	34.71
	35.48
	34.77
	35.17
	35.66
	35.26
	34.94
	35.42
	34.70
	35.03
	35.56
	34.80
	35.52

	Average: 34.3793
	Standard deviation: 0.615882

-> 221s
	35.31
	34.99
	34.97
	35.19
	34.82
	35.48
	34.84
	35.29
	34.40
	34.79
	34.78
	35.00
	34.95
	34.65
	35.01
	34.90
	35.36
	34.84
	34.98
	35.50
	34.95
	34.57
	35.46
	34.85
	35.18
	34.93
	35.29
	34.89
	35.30

	Average: 34.4138
	Standard deviation: 0.643268

-> 222s
	35.39
	34.76
	35.51
	34.74
	34.69
	35.00
	34.80
	35.27
	35.42
	35.37
	35.80
	35.23
	35.45
	35.04
	35.45
	35.01
	35.42
	35.42
	34.76
	35.44
	35.53
	34.96
	35.46
	34.67
	35.50
	34.69
	35.54
	35.21

	Average: 34.7143
	Standard deviation: 0.845154

-> 223s
	34.73
	34.74
	35.47
	34.76
	35.43
	35.16
	34.93
	35.04
	35.39
	34.62
	34.58
	35.61
	35.24
	34.80
	35.31
	34.55
	34.86
	35.37
	34.80
	34.93
	34.80
	35.50
	34.67
	34.54
	34.53
	34.58
	34.56
	35.38
	35.56

	Average: 34.4138
	Standard deviation: 0.643268

-> 224s
	34.64
	34.63
	34.93
	34.67
	35.38
	34.82
	35.80
	35.35
	35.37
	35.57
	35.60
	34.89
	35.15
	34.67
	34.55
	34.74
	34.61
	34.80
	35.36
	34.92
	34.76
	34.68
	34.93
	34.79
	35.45
	34.65
	35.58
	34.77
	35.51

	Average: 34.3793
	Standard deviation: 0.615882

-> 225s
	35.46
	34.75
	35.20
	34.94
	34.71
	35.24
	34.89
	34.83
	34.60
	35.22
	35.55
	35.36
	34.87
	35.37
	35.67
	34.96
	34.94
	35.23
	35.09
	34.94
	34.71
	35.63
	34.76
	34.92
	34.78
	34.54
	34.58
	35.43
	35.74

	Average: 34.4483
	Standard deviation: 0.669534

-> 226s
	34.84
	35.14
	35.48
	34.87
	35.39
	35.49
	34.92
	35.55
	35.40
	34.53
	35.37
	35.13
	35.09
	35.41
	35.74
	35.43
	34.83
	35.50
	34.88
	34.46
	34.82
	34.56
	34.99
	35.61
	34.61
	35.56
	35.63
	35.57
	34.98

	Average: 34.5862
	Standard deviation: 0.765641

-> 227s
	35.00
	34.68
	35.38
	35.58
	34.84
	35.20
	35.01
	34.59
	35.33
	34.86
	35.42
	35.12
	34.97
	34.68
	35.40
	34.72
	35.52
	34.71
	34.46
	35.52
	35.34
	34.88
	35.56
	34.60
	34.85
	35.49
	35.75
	34.48
	35.37

	Average: 34.5517
	Standard deviation: 0.742781

-> 228s
	35.25
	35.55
	34.94
	34.59
	35.30
	34.91
	34.98
	34.99
	34.73
	35.69
	34.63
	35.33
	34.76
	35.20
	34.61
	34.60
	34.80
	35.58
	35.54
	34.53
	35.12
	34.56
	35.38
	34.68
	35.38
	34.99
	35.11
	34.65
	35.65

	Average: 34.4483
	Standard deviation: 0.669534

-> 229s
	34.76
	34.83
	35.14
	35.05
	34.64
	34.61
	34.86
	35.49
	35.37
	34.78
	34.98
	34.91
	34.45
	34.84
	35.37
	34.91
	34.62
	34.85
	35.15
	34.83
	35.56
	35.24
	34.67
	35.44
	35.53
	35.37
	34.87
	34.68
	35.04

	Average: 34.4138
	Standard deviation: 0.643268

-> 230s
	35.14
	35.49
	34.81
	34.71
	34.57
	35.23
	34.95
	35.39
	35.39
	35.74
	34.91
	35.11
	34.75
	35.37
	34.77
	35.41
	35.14
	34.83
	34.60
	35.61
	35.52
	35.39
	35.33
	35.12
	35.17
	34.67
	34.67
	35.23
	34.67

	Average: 34.5862
	Standard deviation: 0.765641

-> 231s
	35.13
	34.44
	34.74
	35.74
	35.39
	34.82
	35.59
	35.35
	35.43
	34.81
	35.36
	34.65
	34.97
	34.66
	34.51
	34.91
	35.11
	34.80
	34.93
	34.39
	35.52
	34.81
	34.68
	34.99
	34.97
	34.87
	34.79
	34.58
	35.33

	Average: 34.3448
	Standard deviation: 0.58722

-> 232s
	34.82
	35.31
	35.46
	34.83
	34.60
	35.29
	34.65
	34.53
	35.02
	34.77
	35.52
	35.42
	34.93
	34.77
	34.83
	34.79
	35.06
	35.14
	34.92
	34.76
	34.76
	35.27
	34.76
	35.60
	35.33
	35.20
	34.92
	35.24
	35.49

	Average: 34.4828
	Standard deviation: 0.694808

-> 233s
	34.64
	34.77
	34.74
	34.86
	35.17
	35.27
	34.48
	34.84
	34.61
	34.88
	35.51
	34.98
	35.10
	34.41
	34.79
	34.82
	34.64
	34.74
	34.70
	34.60
	34.64
	35.37
	34.84
	34.56
	35.24
	34.35
	35.04
	35.46
	35.61

	Average: 34.3103
	Standard deviation: 0.557086

-> 234s
	35.07
	35.46
	35.51
	34.66
	34.61
	35.50
	34.85
	34.54
	34.54
	35.54
	34.74
	34.71
	35.37
	35.40
	34.87
	34.59
	35.23
	34.70
	34.72
	34.53
	34.82
	35.42
	34.68
	35.40
	34.72
	34.70
	34.55
	35.77
	35.31

	Average: 34.4138
	Standard deviation: 0.643268

-> 235s
	34.82
	35.51
	34.52
	35.78
	35.50
	34.78
	35.46
	34.79
	34.64
	35.49
	34.64
	34.57
	34.90
	34.90
	35.67
	35.23
	35.75
	34.82
	35.22
	34.59
	34.80
	35.50
	34.64
	34.76
	34.64
	35.40
	34.64
	34.67
	34.55

	Average: 34.3793
	Standard deviation: 0.615882

-> 236s
	35.53
	34.83
	34.59
	34.35
	34.88
	34.82
	35.48
	34.82
	34.92
	35.25
	34.77
	34.65
	35.76
	34.60
	34.58
	35.32
	34.57
	34.75
	34.61
	35.61
	35.65
	34.83
	35.40
	34.98
	34.76
	34.69
	34.69
	35.57
	35.57

	Average: 34.3448
	Standard deviation: 0.58722

-> 237s
	35.67
	35.40
	35.06
	35.06
	34.78
	34.85
	35.18
	34.74
	35.02
	34.82
	34.81
	35.30
	34.59
	35.46
	35.09
	34.64
	35.32
	34.68
	35.34
	34.70
	34.59
	34.93
	34.74
	35.29
	35.47
	35.13
	34.72
	35.59
	34.75

	Average: 34.5172
	Standard deviation: 0.719195

-> 238s
	34.40
	34.55
	35.02
	35.33
	34.91
	34.74
	34.83
	35.62
	34.97
	35.53
	34.37
	34.74
	34.53
	35.16
	34.88
	34.77
	35.25
	35.20
	35.64
	35.42
	34.97
	34.72
	34.64
	35.35
	34.83
	34.81
	35.26
	34.80
	34.75

	Average: 34.3793
	Standard deviation: 0.615882

-> 239s
	34.56
	34.50
	34.58
	34.67
	34.69
	35.11
	34.96
	34.95
	35.28
	34.34
	35.09
	34.80
	34.72
	34.60
	34.69
	34.50
	34.73
	35.63
	35.56
	35.57
	34.77
	34.82
	35.49
	35.50
	34.75
	35.58
	35.33
	34.66
	34.85

	Average: 34.3448
	Standard deviation: 0.58722

-> 240s
	34.75
	35.38
	35.43
	35.09
	35.10
	34.39
	34.96
	34.90
	35.26
	34.85
	35.54
	34.48
	34.63
	34.63
	34.81
	34.64
	34.39
	34.85
	35.47
	34.62
	35.17
	34.93
	34.93
	34.98
	34.57
	34.76
	34.79
	35.16
	34.88

	Average: 34.3103
	Standard deviation: 0.557086

-> 241s
	34.84
	35.11
	35.47
	34.32
	34.98
	35.21
	34.98
	35.14
	34.70
	35.62
	34.91
	35.31
	34.69
	34.78
	34.33
	35.17
	35.11
	35.51
	34.71
	35.23
	34.32
	35.30
	34.75
	34.38
	34.76
	34.83
	34.86
	35.26
	34.97

	Average: 34.4138
	Standard deviation: 0.643268

-> 242s
	34.71
	34.73
	35.10
	34.90
	34.56
	34.81
	35.01
	34.95
	34.59
	35.18
	34.73
	35.43
	34.70
	34.88
	35.28
	34.60
	34.70
	35.33
	34.66
	34.73
	35.46
	34.45
	35.43
	34.82
	35.08
	34.74
	35.11
	35.05
	35.41

	Average: 34.4138
	Standard deviation: 0.643268

-> 243s
	34.69
	35.03
	34.87
	34.90
	34.79
	34.77
	35.31
	35.29
	35.02
	34.63
	35.04
	34.55
	34.50
	34.62
	35.60
	34.71
	35.71
	35.66
	34.61
	35.10
	34.78
	35.46
	35.65
	35.88
	35.30
	34.55
	34.89
	35.17
	34.79

	Average: 34.4828
	Standard deviation: 0.694808

-> 244s
	35.57
	35.39
	34.43
	34.64
	34.77
	34.63
	34.85
	35.20
	34.52
	34.64
	34.54
	34.81
	35.16
	35.02
	35.39
	35.59
	35.31
	35.03
	35.08
	34.76
	35.17
	34.98
	35.47
	34.69
	35.36
	35.51
	34.60
	34.90
	35.32

	Average: 34.5172
	Standard deviation: 0.719195

-> 245s
	35.29
	34.75
	34.73
	35.60
	35.36
	35.65
	34.80
	34.96
	35.09
	34.91
	34.59
	35.18
	34.72
	34.56
	35.54
	34.86
	35.66
	34.72
	34.98
	34.69
	35.42
	35.52
	35.21
	35.16
	34.95
	35.62
	34.75
	35.41
	35.50

	Average: 34.5172
	Standard deviation: 0.719195

-> 246s
	35.36
	34.85
	35.42
	35.12
	34.89
	35.02
	34.90
	34.94
	35.49
	35.19
	34.96
	35.45
	34.81
	35.35
	35.01
	34.80
	34.72
	35.25
	35.00
	35.22
	34.66
	34.95
	35.38
	34.67
	34.57
	35.30
	34.89
	34.72
	35.16

	Average: 34.5172
	Standard deviation: 0.719195

-> 247s
	34.72
	35.62
	34.91
	34.70
	35.04
	34.82
	34.42
	34.27
	35.14
	34.64
	35.51
	35.34
	34.87
	34.90
	35.55
	34.67
	34.61
	34.80
	35.14
	35.04
	35.23
	34.94
	34.79
	35.37
	35.39
	35.48
	34.76
	35.25
	34.71

	Average: 34.4483
	Standard deviation: 0.669534

-> 248s
	34.69
	34.60
	34.95
	35.51
	35.89
	35.47
	35.42
	35.13
	35.17
	34.78
	35.68
	35.54
	35.38
	35.51
	34.84
	35.26
	34.62
	35.03
	34.59
	35.74
	34.56
	34.74
	34.58
	35.46
	35.51
	35.02
	35.78
	35.46

	Average: 34.6429
	Standard deviation: 0.801784

-> 249s
	35.80
	34.57
	35.06
	34.98
	34.62
	34.79
	35.44
	34.67
	35.00
	34.97
	35.52
	35.57
	34.47
	34.78
	34.62
	35.52
	35.65
	35.53
	35.36
	34.95
	35.44
	34.75
	35.32
	34.72
	35.10
	34.93
	34.78
	34.56
	35.30

	Average: 34.4828
	Standard deviation: 0.694808

-> 250s
	35.70
	35.56
	34.73
	35.63
	35.37
	35.36
	34.83
	35.45
	34.58
	35.22
	34.72
	34.37
	34.86
	35.56
	35.37
	35.14
	35.38
	34.73
	34.77
	35.12
	34.83
	34.59
	35.30
	34.97
	35.38
	35.57
	34.82
	35.06
	35.61

	Average: 34.5862
	Standard deviation: 0.765641

-> 251s
	35.38
	34.93
	35.42
	34.75
	34.93
	34.93
	34.95
	35.55
	34.64
	34.65
	34.85
	35.30
	34.63
	34.82
	35.12
	34.75
	35.40
	34.87
	35.58
	35.36
	34.87
	35.42
	34.83
	35.53
	34.76
	34.85
	34.70
	34.73
	34.64

	Average: 34.3448
	Standard deviation: 0.58722

-> 252s
	34.42
	35.51
	35.50
	34.64
	34.60
	34.87
	35.18
	34.68
	34.84
	35.48
	35.44
	35.48
	35.46
	34.84
	34.82
	34.89
	34.39
	35.36
	34.90
	34.75
	35.48
	34.98
	34.59
	34.96
	34.61
	34.67
	34.45
	35.06
	34.60

	Average: 34.3448
	Standard deviation: 0.58722

-> 253s
	34.86
	34.48
	34.88
	34.56
	34.72
	34.68
	34.58
	34.92
	34.70
	35.22
	35.07
	35.46
	34.52
	34.78
	35.45
	34.89
	35.01
	34.97
	34.81
	35.28
	34.72
	34.84
	34.68
	35.21
	34.76
	34.53
	35.42
	34.98
	35.38

	Average: 34.3103
	Standard deviation: 0.557086

-> 254s
	35.60
	35.57
	35.21
	35.06
	35.35
	34.95
	35.22
	35.04
	35.78
	34.63
	35.24
	35.02
	35.42
	34.79
	35.63
	34.98
	34.55
	35.13
	34.72
	34.60
	35.30
	34.91
	34.62
	35.28
	35.14
	35.06
	35.47
	35.07
	35.10

	Average: 34.6897
	Standard deviation: 0.830455

-> 255s
	35.31
	34.76
	34.64
	35.46
	34.43
	34.95
	34.40
	34.86
	34.97
	34.94
	35.83
	34.66
	35.60
	34.84
	34.92
	34.43
	34.65
	34.58
	35.70
	35.51
	34.84
	35.37
	35.53
	35.06
	34.27
	35.20
	34.59
	34.79
	35.35

	Average: 34.3793
	Standard deviation: 0.615882

-> 256s
	34.73
	35.25
	34.76
	34.87
	35.49
	35.42
	34.93
	34.74
	34.66
	35.00
	34.90
	35.35
	35.75
	34.86
	35.31
	35.69
	35.22
	34.81
	34.43
	34.77
	35.41
	35.36
	34.86
	35.40
	34.67
	34.62
	35.41
	35.26
	34.98

	Average: 34.4828
	Standard deviation: 0.694808

-> 257s
	35.56
	35.58
	34.51
	34.85
	35.35
	34.81
	35.34
	35.74
	34.58
	34.88
	34.89
	35.47
	34.67
	35.31
	34.90
	35.03
	34.95
	34.56
	34.84
	35.17
	34.84
	34.64
	34.84
	35.45
	35.45
	34.88
	34.72
	34.99
	34.94

	Average: 34.3793
	Standard deviation: 0.615882

-> 258s
	35.34
	34.70
	34.90
	34.90
	34.70
	34.61
	35.25
	35.41
	35.06
	35.37
	34.70
	34.68
	35.40
	34.47
	35.12
	34.89
	34.87
	34.95
	35.39
	35.13
	34.73
	34.70
	35.38
	35.80
	34.98
	34.44
	34.95
	34.66
	34.95

	Average: 34.3793
	Standard deviation: 0.615882

-> 259s
	34.99
	35.31
	34.81
	34.56
	35.58
	35.48
	34.69
	34.77
	35.25
	35.73
	35.50
	34.53
	34.84
	35.10
	34.55
	35.42
	34.85
	34.60
	34.71
	34.86
	34.74
	34.77
	34.69
	35.53
	35.27
	35.46
	34.81
	35.01
	35.02

	Average: 34.4483
	Standard deviation: 0.669534

-> 260s
	34.49
	34.48
	35.57
	35.06
	35.19
	34.82
	35.42
	34.85
	35.03
	34.77
	34.87
	34.48
	35.03
	35.07
	35.05
	34.65
	35.84
	34.65
	35.12
	34.74
	35.50
	34.45
	35.65
	34.60
	35.42
	34.88
	35.43
	35.43
	34.60

	Average: 34.5172
	Standard deviation: 0.719195

-> 261s
	35.42
	34.82
	35.00
	34.82
	34.64
	34.90
	35.27
	35.42
	34.74
	34.78
	34.76
	34.61
	34.85
	34.73
	34.52
	35.38
	34.86
	34.71
	35.05
	34.89
	34.94
	34.86
	34.75
	35.39
	35.56
	34.50
	35.72
	34.67
	34.85

	Average: 34.3103
	Standard deviation: 0.557086

-> 262s
	35.15
	34.96
	35.17
	34.48
	35.22
	34.89
	35.30
	34.91
	35.59
	34.81
	34.40
	35.05
	34.94
	34.87
	34.93
	35.44
	34.46
	34.77
	34.55
	34.88
	34.74
	34.82
	34.85
	34.88
	35.13
	34.83
	34.66
	35.46
	34.73

	Average: 34.3103
	Standard deviation: 0.557086

-> 263s
	34.84
	35.30
	35.66
	34.70
	35.22
	34.88
	35.20
	34.80
	34.93
	35.15
	34.55
	34.83
	34.63
	35.28
	34.72
	35.35
	34.91
	34.57
	34.84
	35.09
	35.19
	34.58
	35.33
	34.84
	35.27
	35.69
	35.51
	34.64
	34.68

	Average: 34.4483
	Standard deviation: 0.669534

-> 264s
	34.53
	35.46
	34.70
	34.83
	35.28
	35.57
	34.90
	34.98
	34.77
	35.32
	34.93
	35.54
	35.28
	35.61
	34.61
	34.78
	34.79
	35.41
	34.49
	34.52
	34.45
	34.87
	34.64
	34.42
	34.73
	34.80
	35.28
	34.92
	34.25

	Average: 34.3103
	Standard deviation: 0.557086

-> 265s
	34.50
	34.86
	34.63
	34.94
	34.47
	34.80
	34.14
	34.92
	34.98
	35.44
	34.62
	34.49
	34.86
	34.49
	35.73
	35.49
	34.70
	34.64
	34.75
	34.61
	34.40
	34.94
	35.38
	34.85
	34.76
	34.66
	35.41
	34.57
	34.89

	Average: 34.1724
	Standard deviation: 0.415227

-> 266s
	34.61
	34.58
	35.07
	34.85
	35.26
	34.85
	34.97
	35.41
	34.94
	35.25
	35.60
	34.82
	35.47
	34.85
	35.28
	34.78
	34.69
	34.50
	34.63
	35.54
	34.79
	34.56
	34.65
	34.58
	34.78
	35.33
	35.70
	35.81
	34.50

	Average: 34.3793
	Standard deviation: 0.615882

-> 267s
	35.25
	35.05
	35.42
	35.12
	34.63
	35.01
	35.54
	34.71
	34.90
	35.21
	34.67
	35.21
	34.38
	35.08
	34.82
	34.66
	34.57
	34.66
	34.87
	34.52
	34.68
	34.53
	34.80
	35.47
	35.55
	34.76
	35.02
	34.48
	35.35

	Average: 34.4483
	Standard deviation: 0.669534

-> 268s
	35.60
	34.52
	34.66
	34.72
	35.35
	35.55
	35.54
	35.61
	34.70
	34.61
	35.26
	35.85
	34.91
	34.86
	34.45
	35.16
	35.27
	34.72
	34.71
	34.86
	34.98
	35.26
	35.18
	35.34
	35.40
	34.82
	34.86
	34.88
	35.35

	Average: 34.4828
	Standard deviation: 0.694808

-> 269s
	34.64
	34.70
	35.39
	35.20
	36.02
	35.36
	34.74
	34.67
	34.77
	34.75
	34.48
	35.04
	35.35
	34.57
	34.88
	35.23
	34.77
	34.74
	34.65
	34.56
	34.64
	34.45
	34.70
	35.31
	35.83
	35.60
	34.44
	34.26
	34.99

	Average: 34.3793
	Standard deviation: 0.669534

-> 270s
	34.68
	35.50
	34.63
	34.40
	34.69
	34.58
	34.59
	34.62
	34.95
	34.50
	35.09
	35.45
	34.66
	34.82
	34.60
	34.80
	34.86
	34.84
	34.92
	34.39
	35.40
	35.51
	34.79
	35.31
	34.56
	34.84
	34.49
	34.60
	34.87

	Average: 34.2069
	Standard deviation: 0.454859

-> 271s
	35.31
	35.55
	34.65
	34.81
	35.50
	35.54
	35.37
	34.70
	34.85
	34.70
	34.70
	34.75
	34.60
	35.62
	35.29
	34.74
	34.69
	35.05
	34.95
	35.11
	34.38
	34.61
	34.65
	34.87
	35.24
	34.97
	35.28
	34.77
	35.54

	Average: 34.4138
	Standard deviation: 0.643268

-> 272s
	34.58
	34.40
	35.09
	34.58
	34.74
	34.37
	34.52
	34.80
	34.77
	34.63
	34.70
	35.17
	34.33
	34.56
	34.80
	35.41
	34.79
	34.76
	35.51
	35.44
	34.17
	35.12
	34.78
	35.74
	35.34
	34.91
	35.48
	34.74
	34.54

	Average: 34.3103
	Standard deviation: 0.557086

-> 273s
	35.70
	34.57
	34.19
	34.76
	34.72
	34.70
	34.75
	34.22
	35.18
	35.34
	34.69
	34.65
	34.98
	34.67
	35.48
	35.38
	34.79
	34.94
	34.58
	34.71
	35.63
	34.74
	34.51
	35.60
	34.63
	35.45
	34.92
	35.26
	35.15

	Average: 34.3448
	Standard deviation: 0.58722

-> 274s
	34.83
	34.85
	34.62
	34.79
	35.49
	34.56
	35.33
	34.81
	34.67
	35.35
	34.64
	34.76
	34.60
	34.86
	34.42
	35.12
	34.46
	34.87
	34.66
	34.69
	34.50
	34.75
	34.37
	34.66
	34.69
	34.80
	34.93
	34.39
	34.76

	Average: 34.1379
	Standard deviation: 0.371391

-> 275s
	34.66
	34.53
	35.76
	34.35
	34.83
	34.82
	34.93
	34.93
	34.74
	34.44
	34.85
	35.13
	34.44
	35.04
	35.41
	34.77
	35.16
	34.83
	35.15
	34.51
	34.72
	35.69
	35.44
	34.50
	34.64
	34.58
	35.66
	34.76
	35.18

	Average: 34.3448
	Standard deviation: 0.58722

-> 276s
	35.53
	34.92
	34.89
	34.82
	35.43
	35.69
	35.52
	35.60
	34.57
	34.76
	35.31
	34.80
	35.27
	35.08
	35.21
	34.83
	35.59
	35.48
	35.39
	34.80
	35.34
	34.90
	35.20
	34.75
	34.91
	34.89
	35.32
	34.76
	34.70

	Average: 34.5172
	Standard deviation: 0.719195

-> 277s
	35.22
	35.79
	35.11
	34.89
	35.10
	35.00
	34.73
	34.64
	34.32
	34.83
	35.50
	34.60
	34.79
	35.26
	34.57
	34.81
	34.75
	35.27
	35.69
	35.47
	34.75
	34.69
	35.32
	34.85
	35.32
	34.66
	34.72
	34.75
	35.19

	Average: 34.4483
	Standard deviation: 0.669534

-> 278s
	35.18
	34.80
	34.67
	35.41
	35.47
	35.42
	34.93
	35.46
	34.63
	34.44
	34.83
	35.18
	34.75
	35.45
	34.71
	35.65
	34.73
	35.28
	34.78
	34.69
	34.80
	35.22
	35.66
	35.14
	34.58
	34.59
	35.22
	35.70
	34.94

	Average: 34.4828
	Standard deviation: 0.694808

-> 279s
	34.61
	35.12
	34.80
	35.52
	35.02
	34.55
	34.72
	35.65
	34.63
	34.47
	35.78
	35.36
	34.60
	35.37
	35.74
	35.34
	35.56
	34.83
	35.26
	35.45
	35.10
	35.20
	35.53
	34.63
	34.71
	35.55
	34.74
	35.00
	34.74

	Average: 34.5862
	Standard deviation: 0.765641

-> 280s
	34.77
	35.62
	34.74
	34.55
	34.80
	35.11
	34.29
	34.95
	34.69
	34.61
	34.75
	34.62
	35.35
	35.44
	34.77
	34.81
	34.86
	35.36
	34.73
	34.70
	35.09
	35.32
	35.44
	34.91
	34.87
	35.14
	34.95
	34.60
	34.83

	Average: 34.3103
	Standard deviation: 0.557086

-> 281s
	34.98
	34.72
	34.92
	35.49
	35.36
	34.55
	34.89
	35.28
	34.90
	35.51
	34.77
	35.23
	34.89
	34.51
	35.33
	35.72
	35.38
	35.21
	34.97
	35.36
	34.83
	34.94
	35.23
	34.86
	35.31
	35.55
	34.87
	34.79
	35.48

	Average: 34.4828
	Standard deviation: 0.694808

-> 282s
	34.76
	35.17
	34.83
	34.77
	34.98
	34.78
	34.57
	35.52
	35.48
	34.90
	34.72
	34.79
	34.84
	35.21
	34.71
	35.63
	35.69
	35.36
	35.49
	35.02
	36.15
	34.74
	35.56
	35.39
	34.39
	34.81
	34.66
	34.78
	35.59

	Average: 34.4828
	Standard deviation: 0.742781

-> 283s
	34.96
	35.56
	34.74
	35.43
	34.41
	35.34
	34.93
	34.76
	35.49
	35.20
	35.15
	34.92
	34.77
	35.05
	35.60
	34.92
	34.51
	34.72
	34.51
	34.83
	34.93
	34.80
	35.60
	34.78
	35.57
	35.29
	35.00
	34.53
	35.38

	Average: 34.4483
	Standard deviation: 0.669534

-> 284s
	35.11
	34.83
	35.70
	34.64
	35.01
	34.98
	34.93
	34.89
	34.73
	35.53
	35.52
	34.86
	35.28
	34.63
	34.73
	35.57
	35.27
	34.93
	34.73
	34.43
	34.66
	35.16
	34.62
	35.84
	34.64
	34.56
	35.31
	34.72
	35.49

	Average: 34.4138
	Standard deviation: 0.643268

-> 285s
	35.15
	34.92
	34.91
	34.47
	35.14
	34.84
	35.45
	35.36
	34.57
	34.80
	34.66
	35.38
	34.56
	34.90
	35.40
	34.50
	34.58
	35.57
	34.87
	34.94
	35.14
	35.46
	34.59
	34.72
	34.63
	34.73
	35.44
	35.09
	35.01

	Average: 34.4138
	Standard deviation: 0.643268

-> 286s
	35.48
	35.29
	34.56
	34.81
	35.41
	34.70
	35.37
	34.47
	34.62
	35.57
	34.84
	35.45
	34.66
	35.62
	35.45
	35.43
	34.81
	34.29
	34.93
	35.50
	34.67
	34.79
	35.36
	34.86
	35.45
	35.31
	34.37
	34.60
	34.13

	Average: 34.4483
	Standard deviation: 0.669534

-> 287s
	35.17
	34.75
	34.64
	34.92
	34.92
	34.75
	35.16
	34.70
	35.05
	35.04
	34.68
	34.67
	34.81
	34.47
	34.97
	35.17
	34.65
	34.69
	34.68
	34.48
	35.57
	34.99
	34.88
	35.25
	34.75
	34.92
	34.69
	35.20
	35.71

	Average: 34.3103
	Standard deviation: 0.557086

-> 288s
	34.83
	35.48
	34.84
	35.23
	35.77
	35.22
	34.78
	34.70
	35.26
	35.06
	34.92
	35.36
	34.89
	35.21
	35.01
	35.39
	34.84
	35.35
	34.66
	35.24
	35.07
	34.80
	35.53
	34.63
	35.41
	34.79
	35.41
	34.70
	35.33

	Average: 34.5862
	Standard deviation: 0.765641

-> 289s
	34.83
	34.65
	35.39
	35.20
	35.42
	35.57
	35.56
	34.78
	34.73
	35.49
	34.60
	34.73
	35.46
	34.74
	34.71
	35.43
	35.55
	35.42
	34.68
	34.80
	35.38
	35.58
	35.63
	35.44
	34.98
	35.11
	34.74
	35.36
	35.08

	Average: 34.5862
	Standard deviation: 0.765641

-> 290s
	35.15
	35.71
	35.57
	35.00
	34.84
	35.28
	35.71
	34.73
	35.53
	35.31
	34.77
	34.73
	35.62
	35.48
	34.94
	34.89
	35.50
	34.98
	34.64
	34.84
	35.54
	35.02
	34.96
	34.89
	35.58
	34.50
	34.81
	34.71
	34.89

	Average: 34.4828
	Standard deviation: 0.694808

-> 291s
	34.99
	34.69
	35.37
	34.89
	34.80
	35.17
	35.71
	34.96
	34.51
	35.39
	34.56
	34.68
	34.43
	34.69
	35.37
	35.00
	35.23
	34.88
	35.47
	35.37
	35.45
	34.48
	35.04
	34.95
	35.00
	34.50
	34.71
	34.63
	35.04

	Average: 34.4483
	Standard deviation: 0.669534

-> 292s
	34.91
	35.49
	34.74
	35.23
	35.04
	35.42
	35.58
	35.72
	35.47
	35.52
	35.48
	35.76
	35.53
	34.71
	34.89
	34.46
	35.04
	34.89
	35.24
	34.94
	35.53
	34.77
	35.21
	35.11
	35.41
	34.96
	35.66
	35.46

	Average: 34.6786
	Standard deviation: 0.823754

-> 293s
	35.22
	34.63
	34.87
	35.05
	34.73
	35.39
	34.78
	35.45
	35.02
	34.93
	35.14
	35.62
	35.45
	34.78
	34.50
	34.83
	35.31
	34.65
	34.63
	34.29
	34.97
	35.46
	34.48
	34.71
	34.85
	35.22
	34.85
	34.81
	34.57

	Average: 34.3793
	Standard deviation: 0.615882

-> 294s
	34.73
	34.75
	34.79
	35.22
	35.46
	35.63
	34.87
	34.71
	34.60
	35.58
	34.68
	35.40
	34.66
	34.38
	34.82
	34.74
	35.71
	35.14
	34.60
	35.13
	34.80
	34.75
	35.55
	34.33
	34.97
	34.74
	34.96
	34.60
	34.78

	Average: 34.3103
	Standard deviation: 0.557086

-> 295s
	34.74
	35.63
	35.34
	35.07
	35.17
	34.87
	34.74
	35.38
	35.51
	34.67
	35.53
	35.64
	34.50
	35.82
	35.60
	35.01
	34.92
	34.90
	34.92
	35.77
	34.94
	34.68
	35.45
	35.10
	34.62
	34.72
	34.65
	35.31
	35.88

	Average: 34.5517
	Standard deviation: 0.742781

-> 296s
	35.39
	35.12
	34.92
	34.68
	34.51
	35.62
	35.55
	34.80
	35.34
	34.83
	35.44
	34.48
	35.66
	35.73
	35.13
	34.98
	34.67
	35.36
	34.88
	35.01
	34.52
	35.37
	34.44
	34.91
	35.57
	34.79
	34.57
	35.40
	35.30

	Average: 34.5172
	Standard deviation: 0.719195

-> 297s
	34.98
	35.22
	34.85
	35.45
	34.89
	35.14
	34.95
	35.22
	34.87
	35.28
	35.60
	35.25
	35.79
	35.55
	35.55
	34.79
	35.43
	34.61
	35.61
	35.39
	35.63
	35.59
	35.47
	34.79
	34.57
	35.44
	34.84
	34.99

	Average: 34.6071
	Standard deviation: 0.779194

-> 298s
	34.98
	34.92
	34.90
	34.58
	34.73
	34.93
	35.46
	35.64
	34.72
	35.40
	35.59
	34.65
	35.30
	34.74
	34.73
	35.32
	35.04
	35.19
	34.76
	35.26
	34.68
	35.59
	34.97
	34.91
	35.50
	35.18
	34.97
	35.40
	35.49

	Average: 34.4828
	Standard deviation: 0.694808

-> 299s
	35.44
	34.98
	34.76
	35.62
	34.68
	35.43
	34.70
	34.74
	35.51
	35.50
	35.23
	35.68
	34.84
	34.61
	35.22
	34.89
	35.08
	35.18
	35.56
	35.50
	35.40
	35.81
	34.52
	35.61
	34.71
	35.37
	34.68
	35.55
	35.00

	Average: 34.6207
	Standard deviation: 0.787839

-> 300s
	35.06
	34.56
	34.76
	35.24
	34.86
	35.61
	34.86
	35.34
	35.52
	34.87
	35.09
	34.91
	35.51
	35.31
	34.90
	35.63
	35.37
	34.66
	35.06
	35.22
	34.85
	34.34
	35.46
	35.29
	35.03
	35.24
	35.21
	34.78
	34.75

	Average: 34.5862
	Standard deviation: 0.765641

